                     ELECTRICAL RESISTIVITY LDS MODEL OUTPUTS
  Deviation:  0      Displacement:  1      Cmp fact: 0.780      Date: 03/02/2021  
  IL = 25   IR = 28   VL = 26   VR = 27   I0 (ma) = 5.34969   Bat(vlt) =   12.00

  Layer  CI(Ohms)      L(ma)       R(ma)       CR0(ma)     CR(ma)       Ds%
   1       1000       -0.6924     -0.6797      1.9472      1.9472      0.0001
   2       1000       -0.2886     -0.2761      1.1385      1.1385      0.0002
   3       1000       -0.0412     -0.0290      0.6412      0.6412      0.0004
   4       1000        0.0866      0.0983      0.3820      0.3820      0.0007
   5       1000        0.1526      0.1638      0.2452      0.2452      0.0012
   6       1000        0.1880      0.1985      0.1687      0.1687      0.0017
   7       1000        0.2077      0.2173      0.1227      0.1227      0.0023
   8       1000        0.2186      0.2273      0.0934      0.0934      0.0030
   9       1000        0.2243      0.2321      0.0736      0.0736      0.0036
  10       1000        0.2268      0.2336      0.0596      0.0596      0.0043
  11       1000        0.2272      0.2329      0.0494      0.0494      0.0049
  12       1000        0.2260      0.2308      0.0418      0.0418      0.0054
  13       1000        0.2239      0.2276      0.0359      0.0359      0.0057
  14       1000        0.2210      0.2237      0.0312      0.0313      0.0059
  15       1000        0.2176      0.2193      0.0275      0.0275      0.0058
  16       1000        0.2138      0.2145      0.0245      0.0245      0.0054
  17       1000        0.2098      0.2096      0.0220      0.0220      0.0048
  18       1000        0.2057      0.2046      0.0200      0.0200      0.0038
  19       1000        0.2015      0.1996      0.0182      0.0182      0.0024
  20       1000        0.1973      0.1947      0.0168      0.0168      0.0006
  21       1000        0.1932      0.1899      0.0155      0.0155     -0.0017
  22       1000        0.1892      0.1853      0.0144      0.0144     -0.0043
  23       1000        0.1854      0.1809      0.0135      0.0135     -0.0074
  24       1000        0.1818      0.1768      0.0127      0.0127     -0.0108
  25       1000        0.1784      0.1729      0.0120      0.0120     -0.0146
  26       1000        0.1753      0.1694      0.0114      0.0114     -0.0187
  27       1000        0.1725      0.1662      0.0108      0.0108     -0.0229
  28       1000        0.1701      0.1635      0.0103      0.0103     -0.0273
  29       1000        0.1682      0.1614      0.0099      0.0099     -0.0317
  30       1000        1.3095      1.2402      0.0797      0.0796     -0.0360
