                     ELECTRICAL RESISTIVITY LDS MODEL OUTPUTS
  Deviation:  0      Displacement: 16      Cmp fact: 0.780      Date: 03/02/2021  
  IL = 40   IR = 43   VL = 41   VR = 42   I0 (ma) = 5.34947   Bat(vlt) =   12.00

  Layer  CI(Ohms)      L(ma)       R(ma)       CR0(ma)     CR(ma)       Ds%
   1       1000       -0.7270     -0.3717      1.9472      1.9473      0.0057
   2       1000       -0.3226      0.0216      1.1385      1.1387      0.0203
   3       1000       -0.0740      0.2495      0.6412      0.6416      0.0644
   4       1000        0.0556      0.3508      0.3820      0.3826      0.1676
   5       1000        0.1239      0.3857      0.2452      0.2461      0.3636
   6       1000        0.1619      0.3878      0.1687      0.1698      0.6775
   7       1000        0.1844      0.3735      0.1227      0.1241      1.1167
   8       1000        0.1983      0.3515      0.0934      0.0949      1.6670
   9       1000        0.2072      0.3261      0.0736      0.0753      2.2950
  10       1000        0.2127      0.2998      0.0596      0.0614      2.9526
  11       1000        0.2161      0.2741      0.0494      0.0512      3.5841
  12       1000        0.2178      0.2496      0.0418      0.0435      4.1331
  13       1000        0.2184      0.2269      0.0359      0.0375      4.5482
  14       1000        0.2181      0.2059      0.0312      0.0327      4.7874
  15       1000        0.2170      0.1869      0.0275      0.0289      4.8203
  16       1000        0.2154      0.1697      0.0245      0.0257      4.6288
  17       1000        0.2134      0.1542      0.0220      0.0230      4.2063
  18       1000        0.2110      0.1404      0.0200      0.0207      3.5561
  19       1000        0.2084      0.1280      0.0182      0.0187      2.6887
  20       1000        0.2056      0.1171      0.0168      0.0170      1.6187
  21       1000        0.2027      0.1074      0.0155      0.0156      0.3623
  22       1000        0.1997      0.0989      0.0144      0.0143     -1.0669
  23       1000        0.1968      0.0914      0.0135      0.0131     -2.6601
  24       1000        0.1938      0.0849      0.0127      0.0121     -4.4165
  25       1000        0.1909      0.0794      0.0120      0.0112     -6.3431
  26       1000        0.1881      0.0747      0.0114      0.0104     -8.4516
  27       1000        0.1855      0.0708      0.0108      0.0097    -10.7493
  28       1000        0.1830      0.0679      0.0103      0.0090    -13.2223
  29       1000        0.1808      0.0659      0.0099      0.0084    -15.8155
  30       1000        1.4666      0.3808      0.0797      0.0650    -18.4195
