                     ELECTRICAL RESISTIVITY LDS MODEL OUTPUTS
  Deviation:  0      Displacement:  2      Cmp fact: 0.780      Date: 03/02/2021  
  IL = 26   IR = 29   VL = 27   VR = 28   I0 (ma) = 5.34967   Bat(vlt) =   12.00

  Layer  CI(Ohms)      L(ma)       R(ma)       CR0(ma)     CR(ma)       Ds%
   1       1000       -0.6977     -0.6723      1.9472      1.9472      0.0003
   2       1000       -0.2939     -0.2688      1.1385      1.1385      0.0008
   3       1000       -0.0463     -0.0219      0.6412      0.6412      0.0017
   4       1000        0.0816      0.1052      0.3820      0.3820      0.0030
   5       1000        0.1479      0.1702      0.2452      0.2453      0.0048
   6       1000        0.1836      0.2045      0.1687      0.1687      0.0069
   7       1000        0.2035      0.2228      0.1227      0.1228      0.0094
   8       1000        0.2148      0.2323      0.0934      0.0934      0.0120
   9       1000        0.2209      0.2365      0.0736      0.0736      0.0147
  10       1000        0.2238      0.2374      0.0596      0.0596      0.0173
  11       1000        0.2246      0.2361      0.0494      0.0495      0.0197
  12       1000        0.2239      0.2334      0.0418      0.0418      0.0216
  13       1000        0.2222      0.2296      0.0359      0.0359      0.0230
  14       1000        0.2197      0.2251      0.0312      0.0313      0.0237
  15       1000        0.2167      0.2201      0.0275      0.0275      0.0234
  16       1000        0.2134      0.2148      0.0245      0.0245      0.0220
  17       1000        0.2098      0.2094      0.0220      0.0220      0.0194
  18       1000        0.2060      0.2039      0.0200      0.0200      0.0153
  19       1000        0.2022      0.1985      0.0182      0.0182      0.0097
  20       1000        0.1983      0.1931      0.0168      0.0168      0.0025
  21       1000        0.1946      0.1879      0.0155      0.0155     -0.0065
  22       1000        0.1909      0.1830      0.0144      0.0144     -0.0171
  23       1000        0.1873      0.1782      0.0135      0.0135     -0.0295
  24       1000        0.1839      0.1738      0.0127      0.0127     -0.0433
  25       1000        0.1808      0.1697      0.0120      0.0120     -0.0586
  26       1000        0.1778      0.1660      0.0114      0.0114     -0.0751
  27       1000        0.1752      0.1626      0.0108      0.0108     -0.0924
  28       1000        0.1730      0.1598      0.0103      0.0103     -0.1101
  29       1000        0.1711      0.1575      0.0099      0.0099     -0.1279
  30       1000        1.3401      1.2013      0.0797      0.0795     -0.1452
