                     ELECTRICAL RESISTIVITY LDS MODEL OUTPUTS
  Deviation:  0      Displacement: 10      Cmp fact: 0.780      Date: 03/02/2021  
  IL = 34   IR = 37   VL = 35   VR = 36   I0 (ma) = 5.34923   Bat(vlt) =   12.00

  Layer  CI(Ohms)      L(ma)       R(ma)       CR0(ma)     CR(ma)       Ds%
   1       1000       -0.7229     -0.5701      1.9472      1.9474      0.0091
   2       1000       -0.3188     -0.1685      1.1385      1.1387      0.0218
   3       1000       -0.0707      0.0746      0.6412      0.6415      0.0457
   4       1000        0.0581      0.1963      0.3820      0.3823      0.0832
   5       1000        0.1254      0.2545      0.2452      0.2456      0.1355
   6       1000        0.1624      0.2809      0.1687      0.1690      0.2020
   7       1000        0.1838      0.2906      0.1227      0.1231      0.2812
   8       1000        0.1967      0.2910      0.0934      0.0937      0.3706
   9       1000        0.2047      0.2859      0.0736      0.0739      0.4667
  10       1000        0.2095      0.2776      0.0596      0.0600      0.5651
  11       1000        0.2123      0.2673      0.0494      0.0498      0.6602
  12       1000        0.2136      0.2559      0.0418      0.0421      0.7457
  13       1000        0.2139      0.2440      0.0359      0.0362      0.8146
  14       1000        0.2135      0.2320      0.0312      0.0315      0.8598
  15       1000        0.2125      0.2200      0.0275      0.0278      0.8742
  16       1000        0.2111      0.2084      0.0245      0.0247      0.8511
  17       1000        0.2094      0.1973      0.0220      0.0222      0.7843
  18       1000        0.2074      0.1866      0.0200      0.0201      0.6687
  19       1000        0.2053      0.1766      0.0182      0.0183      0.4998
  20       1000        0.2031      0.1673      0.0168      0.0168      0.2745
  21       1000        0.2008      0.1586      0.0155      0.0155     -0.0096
  22       1000        0.1985      0.1505      0.0144      0.0144     -0.3533
  23       1000        0.1962      0.1432      0.0135      0.0134     -0.7562
  24       1000        0.1939      0.1365      0.0127      0.0125     -1.2163
  25       1000        0.1918      0.1305      0.0120      0.0118     -1.7292
  26       1000        0.1897      0.1251      0.0114      0.0111     -2.2883
  27       1000        0.1878      0.1205      0.0108      0.0105     -2.8836
  28       1000        0.1862      0.1166      0.0103      0.0100     -3.5018
  29       1000        0.1848      0.1136      0.0099      0.0095     -4.1263
  30       1000        1.4894      0.7858      0.0797      0.0759     -4.7380
