                     ELECTRICAL RESISTIVITY LDS MODEL OUTPUTS
  Deviation:  0      Displacement: 19      Cmp fact: 0.780      Date: 03/02/2021  
  IL = 43   IR = 46   VL = 44   VR = 45   I0 (ma) = 5.35638   Bat(vlt) =   12.00

  Layer  CI(Ohms)      L(ma)       R(ma)       CR0(ma)     CR(ma)       Ds%
   1       1000       -0.7368     -0.1299      1.9472      1.9449     -0.1163
   2       1000       -0.3303      0.2411      1.1385      1.1361     -0.2077
   3       1000       -0.0783      0.4318      0.6412      0.6398     -0.2175
   4       1000        0.0553      0.4903      0.3820      0.3822      0.0521
   5       1000        0.1277      0.4834      0.2452      0.2472      0.7838
   6       1000        0.1696      0.4484      0.1687      0.1721      2.0400
   7       1000        0.1954      0.4034      0.1227      0.1273      3.7323
   8       1000        0.2118      0.3570      0.0934      0.0987      5.6648
   9       1000        0.2222      0.3131      0.0736      0.0792      7.6014
  10       1000        0.2285      0.2733      0.0596      0.0652      9.3207
  11       1000        0.2318      0.2381      0.0494      0.0547     10.6492
  12       1000        0.2329      0.2074      0.0418      0.0466     11.4736
  13       1000        0.2323      0.1808      0.0359      0.0401     11.7387
  14       1000        0.2305      0.1580      0.0312      0.0348     11.4387
  15       1000        0.2277      0.1384      0.0275      0.0305     10.6043
  16       1000        0.2243      0.1216      0.0245      0.0268      9.2913
  17       1000        0.2204      0.1072      0.0220      0.0237      7.5698
  18       1000        0.2161      0.0949      0.0200      0.0211      5.5165
  19       1000        0.2117      0.0844      0.0182      0.0188      3.2084
  20       1000        0.2072      0.0754      0.0168      0.0169      0.7177
  21       1000        0.2027      0.0677      0.0155      0.0152     -1.8916
  22       1000        0.1983      0.0611      0.0144      0.0138     -4.5697
  23       1000        0.1939      0.0556      0.0135      0.0125     -7.2866
  24       1000        0.1897      0.0509      0.0127      0.0114    -10.0432
  25       1000        0.1856      0.0471      0.0120      0.0104    -12.8858
  26       1000        0.1816      0.0442      0.0114      0.0096    -15.9239
  27       1000        0.1779      0.0420      0.0108      0.0087    -19.3384
  28       1000        0.1743      0.0407      0.0103      0.0079    -23.3489
  29       1000        0.1710      0.0403      0.0099      0.0071    -28.0817
  30       1000        1.3815      0.1886      0.0797      0.0531    -33.3061
