                     ELECTRICAL RESISTIVITY LDS MODEL OUTPUTS
  Deviation:  0      Displacement: 15      Cmp fact: 0.780      Date: 03/02/2021  
  IL = 39   IR = 42   VL = 40   VR = 41   I0 (ma) = 5.34911   Bat(vlt) =   12.00

  Layer  CI(Ohms)      L(ma)       R(ma)       CR0(ma)     CR(ma)       Ds%
   1       1000       -0.7266     -0.4207      1.9472      1.9474      0.0121
   2       1000       -0.3223     -0.0247      1.1385      1.1388      0.0322
   3       1000       -0.0739      0.2081      0.6412      0.6417      0.0785
   4       1000        0.0554      0.3157      0.3820      0.3826      0.1684
   5       1000        0.1233      0.3576      0.2452      0.2460      0.3210
   6       1000        0.1609      0.3666      0.1687      0.1696      0.5503
   7       1000        0.1831      0.3588      0.1227      0.1238      0.8610
   8       1000        0.1967      0.3424      0.0934      0.0945      1.2460
   9       1000        0.2053      0.3219      0.0736      0.0748      1.6864
  10       1000        0.2107      0.2997      0.0596      0.0609      2.1534
  11       1000        0.2140      0.2772      0.0494      0.0507      2.6117
  12       1000        0.2157      0.2552      0.0418      0.0430      3.0230
  13       1000        0.2163      0.2344      0.0359      0.0371      3.3499
  14       1000        0.2161      0.2149      0.0312      0.0324      3.5592
  15       1000        0.2152      0.1969      0.0275      0.0285      3.6240
  16       1000        0.2138      0.1803      0.0245      0.0254      3.5247
  17       1000        0.2120      0.1653      0.0220      0.0228      3.2497
  18       1000        0.2099      0.1517      0.0200      0.0205      2.7942
  19       1000        0.2076      0.1394      0.0182      0.0186      2.1594
  20       1000        0.2051      0.1284      0.0168      0.0170      1.3501
  21       1000        0.2025      0.1185      0.0155      0.0156      0.3736
  22       1000        0.1998      0.1098      0.0144      0.0143     -0.7634
  23       1000        0.1971      0.1020      0.0135      0.0132     -2.0560
  24       1000        0.1944      0.0952      0.0127      0.0122     -3.5021
  25       1000        0.1918      0.0893      0.0120      0.0114     -5.1023
  26       1000        0.1892      0.0843      0.0114      0.0106     -6.8560
  27       1000        0.1869      0.0801      0.0108      0.0099     -8.7555
  28       1000        0.1847      0.0768      0.0103      0.0092    -10.7763
  29       1000        0.1827      0.0744      0.0099      0.0086    -12.8673
  30       1000        1.4818      0.4496      0.0797      0.0678    -14.9477
