                     ELECTRICAL RESISTIVITY LDS MODEL OUTPUTS
  Deviation:  0      Displacement:  9      Cmp fact: 0.780      Date: 03/02/2021  
  IL = 33   IR = 36   VL = 34   VR = 35   I0 (ma) = 5.34932   Bat(vlt) =   12.00

  Layer  CI(Ohms)      L(ma)       R(ma)       CR0(ma)     CR(ma)       Ds%
   1       1000       -0.7212     -0.5888      1.9472      1.9473      0.0074
   2       1000       -0.3172     -0.1869      1.1385      1.1387      0.0176
   3       1000       -0.0691      0.0571      0.6412      0.6414      0.0367
   4       1000        0.0596      0.1800      0.3820      0.3822      0.0665
   5       1000        0.1269      0.2398      0.2452      0.2455      0.1075
   6       1000        0.1637      0.2679      0.1687      0.1690      0.1590
   7       1000        0.1851      0.2794      0.1227      0.1230      0.2196
   8       1000        0.1979      0.2817      0.0934      0.0936      0.2872
   9       1000        0.2057      0.2785      0.0736      0.0738      0.3590
  10       1000        0.2104      0.2719      0.0596      0.0599      0.4317
  11       1000        0.2130      0.2633      0.0494      0.0497      0.5013
  12       1000        0.2142      0.2535      0.0418      0.0420      0.5630
  13       1000        0.2143      0.2430      0.0359      0.0361      0.6120
  14       1000        0.2138      0.2322      0.0312      0.0314      0.6429
  15       1000        0.2127      0.2214      0.0275      0.0277      0.6506
  16       1000        0.2111      0.2108      0.0245      0.0247      0.6301
  17       1000        0.2093      0.2005      0.0220      0.0222      0.5768
  18       1000        0.2072      0.1906      0.0200      0.0201      0.4865
  19       1000        0.2050      0.1812      0.0182      0.0183      0.3558
  20       1000        0.2027      0.1723      0.0168      0.0168      0.1822
  21       1000        0.2003      0.1641      0.0155      0.0155     -0.0363
  22       1000        0.1980      0.1564      0.0144      0.0144     -0.3003
  23       1000        0.1956      0.1493      0.0135      0.0134     -0.6095
  24       1000        0.1933      0.1428      0.0127      0.0126     -0.9621
  25       1000        0.1911      0.1370      0.0120      0.0118     -1.3545
  26       1000        0.1890      0.1318      0.0114      0.0112     -1.7814
  27       1000        0.1871      0.1272      0.0108      0.0106     -2.2347
  28       1000        0.1855      0.1234      0.0103      0.0101     -2.7044
  29       1000        0.1841      0.1204      0.0099      0.0096     -3.1779
  30       1000        1.4803      0.8476      0.0797      0.0768     -3.6413
