                     ELECTRICAL RESISTIVITY LDS MODEL OUTPUTS
  Deviation:  0      Displacement:  5      Cmp fact: 0.780      Date: 03/02/2021  
  IL = 29   IR = 32   VL = 30   VR = 31   I0 (ma) = 5.34958   Bat(vlt) =   12.00

  Layer  CI(Ohms)      L(ma)       R(ma)       CR0(ma)     CR(ma)       Ds%
   1       1000       -0.7105     -0.6445      1.9472      1.9472      0.0022
   2       1000       -0.3066     -0.2414      1.1385      1.1385      0.0052
   3       1000       -0.0587      0.0047      0.6412      0.6412      0.0108
   4       1000        0.0697      0.1306      0.3820      0.3820      0.0193
   5       1000        0.1364      0.1941      0.2452      0.2453      0.0308
   6       1000        0.1728      0.2266      0.1687      0.1688      0.0448
   7       1000        0.1935      0.2429      0.1227      0.1228      0.0609
   8       1000        0.2056      0.2502      0.0934      0.0935      0.0784
   9       1000        0.2126      0.2521      0.0736      0.0736      0.0964
  10       1000        0.2165      0.2507      0.0596      0.0597      0.1140
  11       1000        0.2183      0.2470      0.0494      0.0495      0.1303
  12       1000        0.2186      0.2419      0.0418      0.0418      0.1441
  13       1000        0.2179      0.2358      0.0359      0.0359      0.1543
  14       1000        0.2165      0.2291      0.0312      0.0313      0.1596
  15       1000        0.2145      0.2220      0.0275      0.0276      0.1589
  16       1000        0.2121      0.2148      0.0245      0.0246      0.1508
  17       1000        0.2095      0.2076      0.0220      0.0221      0.1343
  18       1000        0.2067      0.2004      0.0200      0.0200      0.1084
  19       1000        0.2037      0.1934      0.0182      0.0183      0.0721
  20       1000        0.2007      0.1867      0.0168      0.0168      0.0249
  21       1000        0.1977      0.1802      0.0155      0.0155     -0.0338
  22       1000        0.1947      0.1741      0.0144      0.0144     -0.1040
  23       1000        0.1918      0.1684      0.0135      0.0135     -0.1856
  24       1000        0.1891      0.1630      0.0127      0.0127     -0.2779
  25       1000        0.1864      0.1581      0.0120      0.0119     -0.3799
  26       1000        0.1840      0.1537      0.0114      0.0113     -0.4900
  27       1000        0.1818      0.1498      0.0108      0.0108     -0.6061
  28       1000        0.1799      0.1464      0.0103      0.0103     -0.7255
  29       1000        0.1783      0.1438      0.0099      0.0098     -0.8453
  30       1000        1.4160      1.0672      0.0797      0.0789     -0.9622
