                     ELECTRICAL RESISTIVITY LDS MODEL OUTPUTS
  Deviation:  0      Displacement:  0      Cmp fact: 0.780      Date: 03/02/2021  
  IL = 24   IR = 27   VL = 25   VR = 26   I0 (ma) = 5.34969   Bat(vlt) =   12.00

  Layer  CI(Ohms)      L(ma)       R(ma)        CR(ma) 
   1       1000       -0.6864     -0.6864       1.9472
   2       1000       -0.2827     -0.2827       1.1385
   3       1000       -0.0354     -0.0354       0.6412
   4       1000        0.0922      0.0922       0.3820
   5       1000        0.1579      0.1579       0.2452
   6       1000        0.1930      0.1930       0.1687
   7       1000        0.2122      0.2122       0.1227
   8       1000        0.2227      0.2227       0.0934
   9       1000        0.2280      0.2280       0.0736
  10       1000        0.2301      0.2301       0.0596
  11       1000        0.2299      0.2299       0.0494
  12       1000        0.2283      0.2283       0.0418
  13       1000        0.2257      0.2257       0.0359
  14       1000        0.2223      0.2223       0.0312
  15       1000        0.2184      0.2184       0.0275
  16       1000        0.2142      0.2142       0.0245
  17       1000        0.2097      0.2097       0.0220
  18       1000        0.2052      0.2052       0.0200
  19       1000        0.2006      0.2006       0.0182
  20       1000        0.1961      0.1961       0.0168
  21       1000        0.1917      0.1917       0.0155
  22       1000        0.1874      0.1874       0.0144
  23       1000        0.1833      0.1833       0.0135
  24       1000        0.1794      0.1794       0.0127
  25       1000        0.1758      0.1758       0.0120
  26       1000        0.1725      0.1725       0.0114
  27       1000        0.1695      0.1695       0.0108
  28       1000        0.1670      0.1670       0.0103
  29       1000        0.1649      0.1649       0.0099
  30       1000        1.2762      1.2762       0.0797
