                     ELECTRICAL RESISTIVITY LDS MODEL OUTPUTS
  Deviation:  0      Displacement: 20      Cmp fact: 0.780      Date: 03/02/2021  
  IL = 44   IR = 47   VL = 45   VR = 46   I0 (ma) = 5.36622   Bat(vlt) =   12.00

  Layer  CI(Ohms)      L(ma)       R(ma)       CR0(ma)     CR(ma)       Ds%
   1       1000       -0.7510      0.0161      1.9472      1.9417     -0.2834
   2       1000       -0.3414      0.3646      1.1385      1.1329     -0.4870
   3       1000       -0.0848      0.5225      0.6412      0.6381     -0.4733
   4       1000        0.0538      0.5483      0.3820      0.3826      0.1583
   5       1000        0.1310      0.5139      0.2452      0.2493      1.6693
   6       1000        0.1769      0.4577      0.1687      0.1754      4.0080
   7       1000        0.2054      0.3976      0.1227      0.1312      6.8530
   8       1000        0.2234      0.3411      0.0934      0.1025      9.7757
   9       1000        0.2345      0.2910      0.0736      0.0827     12.3823
  10       1000        0.2406      0.2479      0.0596      0.0682     14.3860
  11       1000        0.2432      0.2112      0.0494      0.0572     15.6234
  12       1000        0.2432      0.1804      0.0418      0.0485     16.0381
  13       1000        0.2413      0.1545      0.0359      0.0415     15.6533
  14       1000        0.2381      0.1329      0.0312      0.0358     14.5437
  15       1000        0.2339      0.1148      0.0275      0.0311     12.8126
  16       1000        0.2291      0.0996      0.0245      0.0271     10.5752
  17       1000        0.2239      0.0868      0.0220      0.0238      7.9472
  18       1000        0.2184      0.0760      0.0200      0.0210      5.0384
  19       1000        0.2130      0.0670      0.0182      0.0186      1.9492
  20       1000        0.2075      0.0593      0.0168      0.0166     -1.2320
  21       1000        0.2021      0.0529      0.0155      0.0148     -4.4294
  22       1000        0.1969      0.0474      0.0144      0.0133     -7.5830
  23       1000        0.1919      0.0429      0.0135      0.0121    -10.6534
  24       1000        0.1871      0.0392      0.0127      0.0110    -13.6343
  25       1000        0.1825      0.0362      0.0120      0.0100    -16.5764
  26       1000        0.1781      0.0340      0.0114      0.0091    -19.6267
  27       1000        0.1739      0.0325      0.0108      0.0083    -23.0820
  28       1000        0.1698      0.0319      0.0103      0.0075    -27.4106
  29       1000        0.1660      0.0323      0.0099      0.0066    -33.0980
  30       1000        1.3378      0.1337      0.0797      0.0478    -40.0393
