                     ELECTRICAL RESISTIVITY LDS MODEL OUTPUTS
  Deviation:  0      Displacement: 14      Cmp fact: 0.780      Date: 03/02/2021  
  IL = 38   IR = 41   VL = 39   VR = 40   I0 (ma) = 5.34900   Bat(vlt) =   12.00

  Layer  CI(Ohms)      L(ma)       R(ma)       CR0(ma)     CR(ma)       Ds%
   1       1000       -0.7263     -0.4611      1.9472      1.9475      0.0141
   2       1000       -0.3221     -0.0632      1.1385      1.1389      0.0353
   3       1000       -0.0738      0.1730      0.6412      0.6417      0.0794
   4       1000        0.0553      0.2852      0.3820      0.3826      0.1574
   5       1000        0.1230      0.3323      0.2452      0.2459      0.2800
   6       1000        0.1605      0.3466      0.1687      0.1695      0.4547
   7       1000        0.1824      0.3439      0.1227      0.1236      0.6833
   8       1000        0.1958      0.3323      0.0934      0.0943      0.9613
   9       1000        0.2042      0.3159      0.0736      0.0745      1.2770
  10       1000        0.2095      0.2972      0.0596      0.0606      1.6124
  11       1000        0.2127      0.2777      0.0494      0.0504      1.9444
  12       1000        0.2144      0.2583      0.0418      0.0427      2.2472
  13       1000        0.2150      0.2394      0.0359      0.0368      2.4943
  14       1000        0.2148      0.2214      0.0312      0.0321      2.6607
  15       1000        0.2140      0.2046      0.0275      0.0283      2.7245
  16       1000        0.2127      0.1889      0.0245      0.0252      2.6683
  17       1000        0.2111      0.1745      0.0220      0.0226      2.4794
  18       1000        0.2091      0.1613      0.0200      0.0204      2.1499
  19       1000        0.2069      0.1492      0.0182      0.0185      1.6761
  20       1000        0.2046      0.1383      0.0168      0.0169      1.0575
  21       1000        0.2022      0.1285      0.0155      0.0156      0.2960
  22       1000        0.1997      0.1197      0.0144      0.0143     -0.6059
  23       1000        0.1972      0.1118      0.0135      0.0133     -1.6456
  24       1000        0.1947      0.1048      0.0127      0.0123     -2.8205
  25       1000        0.1923      0.0987      0.0120      0.0115     -4.1275
  26       1000        0.1900      0.0935      0.0114      0.0107     -5.5602
  27       1000        0.1878      0.0890      0.0108      0.0101     -7.1049
  28       1000        0.1858      0.0854      0.0103      0.0094     -8.7351
  29       1000        0.1840      0.0828      0.0099      0.0089    -10.4076
  30       1000        1.4917      0.5188      0.0797      0.0701    -12.0621
