                     ELECTRICAL RESISTIVITY LDS MODEL OUTPUTS
  Deviation:  0      Displacement:  3      Cmp fact: 0.780      Date: 03/02/2021  
  IL = 27   IR = 30   VL = 28   VR = 29   I0 (ma) = 5.34965   Bat(vlt) =   12.00

  Layer  CI(Ohms)      L(ma)       R(ma)       CR0(ma)     CR(ma)       Ds%
   1       1000       -0.7025     -0.6640      1.9472      1.9472      0.0008
   2       1000       -0.2986     -0.2606      1.1385      1.1385      0.0018
   3       1000       -0.0510     -0.0139      0.6412      0.6412      0.0038
   4       1000        0.0772      0.1128      0.3820      0.3820      0.0068
   5       1000        0.1436      0.1774      0.2452      0.2453      0.0108
   6       1000        0.1796      0.2112      0.1687      0.1687      0.0157
   7       1000        0.1998      0.2289      0.1227      0.1228      0.0213
   8       1000        0.2114      0.2378      0.0934      0.0934      0.0273
   9       1000        0.2178      0.2413      0.0736      0.0736      0.0334
  10       1000        0.2211      0.2415      0.0596      0.0597      0.0394
  11       1000        0.2223      0.2396      0.0494      0.0495      0.0448
  12       1000        0.2220      0.2361      0.0418      0.0418      0.0494
  13       1000        0.2206      0.2316      0.0359      0.0359      0.0527
  14       1000        0.2185      0.2264      0.0312      0.0313      0.0542
  15       1000        0.2159      0.2208      0.0275      0.0276      0.0537
  16       1000        0.2129      0.2150      0.0245      0.0245      0.0506
  17       1000        0.2097      0.2090      0.0220      0.0220      0.0447
  18       1000        0.2063      0.2030      0.0200      0.0200      0.0355
  19       1000        0.2028      0.1971      0.0182      0.0182      0.0228
  20       1000        0.1992      0.1913      0.0168      0.0168      0.0063
  21       1000        0.1957      0.1857      0.0155      0.0155     -0.0140
  22       1000        0.1923      0.1803      0.0144      0.0144     -0.0383
  23       1000        0.1890      0.1753      0.0135      0.0135     -0.0664
  24       1000        0.1859      0.1706      0.0127      0.0127     -0.0981
  25       1000        0.1829      0.1662      0.0120      0.0120     -0.1331
  26       1000        0.1801      0.1622      0.0114      0.0113     -0.1707
  27       1000        0.1777      0.1587      0.0108      0.0108     -0.2103
  28       1000        0.1755      0.1557      0.0103      0.0103     -0.2509
  29       1000        0.1738      0.1533      0.0099      0.0099     -0.2916
  30       1000        1.3680      1.1595      0.0797      0.0794     -0.3313
