                     ELECTRICAL RESISTIVITY LDS MODEL OUTPUTS
  Deviation:  0      Displacement:  7      Cmp fact: 0.780      Date: 03/02/2021  
  IL = 31   IR = 34   VL = 32   VR = 33   I0 (ma) = 5.34947   Bat(vlt) =   12.00

  Layer  CI(Ohms)      L(ma)       R(ma)       CR0(ma)     CR(ma)       Ds%
   1       1000       -0.7167     -0.6200      1.9472      1.9473      0.0044
   2       1000       -0.3127     -0.2173      1.1385      1.1386      0.0104
   3       1000       -0.0647      0.0279      0.6412      0.6413      0.0217
   4       1000        0.0639      0.1526      0.3820      0.3821      0.0390
   5       1000        0.1309      0.2146      0.2452      0.2454      0.0624
   6       1000        0.1675      0.2453      0.1687      0.1688      0.0915
   7       1000        0.1886      0.2596      0.1227      0.1229      0.1250
   8       1000        0.2011      0.2648      0.0934      0.0935      0.1618
   9       1000        0.2086      0.2645      0.0736      0.0737      0.2002
  10       1000        0.2129      0.2609      0.0596      0.0598      0.2384
  11       1000        0.2152      0.2551      0.0494      0.0496      0.2741
  12       1000        0.2160      0.2479      0.0418      0.0419      0.3051
  13       1000        0.2158      0.2398      0.0359      0.0360      0.3288
  14       1000        0.2149      0.2312      0.0312      0.0314      0.3424
  15       1000        0.2134      0.2224      0.0275      0.0276      0.3433
  16       1000        0.2115      0.2136      0.0245      0.0246      0.3289
  17       1000        0.2093      0.2049      0.0220      0.0221      0.2968
  18       1000        0.2069      0.1965      0.0200      0.0200      0.2446
  19       1000        0.2044      0.1883      0.0182      0.0183      0.1705
  20       1000        0.2018      0.1805      0.0168      0.0168      0.0731
  21       1000        0.1992      0.1732      0.0155      0.0155     -0.0487
  22       1000        0.1966      0.1662      0.0144      0.0144     -0.1952
  23       1000        0.1940      0.1598      0.0135      0.0134     -0.3661
  24       1000        0.1915      0.1539      0.0127      0.0126     -0.5603
  25       1000        0.1892      0.1485      0.0120      0.0119     -0.7756
  26       1000        0.1870      0.1436      0.0114      0.0112     -1.0088
  27       1000        0.1850      0.1393      0.0108      0.0107     -1.2554
  28       1000        0.1832      0.1357      0.0103      0.0102     -1.5100
  29       1000        0.1818      0.1329      0.0099      0.0098     -1.7658
  30       1000        1.4535      0.9631      0.0797      0.0781     -2.0157
