                     ELECTRICAL RESISTIVITY LDS MODEL OUTPUTS
  Deviation:  0      Displacement:  4      Cmp fact: 0.780      Date: 03/02/2021  
  IL = 28   IR = 31   VL = 29   VR = 30   I0 (ma) = 5.34962   Bat(vlt) =   12.00

  Layer  CI(Ohms)      L(ma)       R(ma)       CR0(ma)     CR(ma)       Ds%
   1       1000       -0.7068     -0.6548      1.9472      1.9472      0.0014
   2       1000       -0.3028     -0.2515      1.1385      1.1385      0.0033
   3       1000       -0.0551     -0.0051      0.6412      0.6412      0.0068
   4       1000        0.0732      0.1212      0.3820      0.3820      0.0122
   5       1000        0.1398      0.1854      0.2452      0.2453      0.0194
   6       1000        0.1760      0.2185      0.1687      0.1687      0.0282
   7       1000        0.1964      0.2356      0.1227      0.1228      0.0383
   8       1000        0.2083      0.2437      0.0934      0.0934      0.0492
   9       1000        0.2151      0.2465      0.0736      0.0736      0.0604
  10       1000        0.2187      0.2460      0.0596      0.0597      0.0713
  11       1000        0.2202      0.2432      0.0494      0.0495      0.0813
  12       1000        0.2202      0.2389      0.0418      0.0418      0.0897
  13       1000        0.2192      0.2337      0.0359      0.0359      0.0958
  14       1000        0.2175      0.2278      0.0312      0.0313      0.0989
  15       1000        0.2152      0.2215      0.0275      0.0276      0.0981
  16       1000        0.2125      0.2150      0.0245      0.0245      0.0928
  17       1000        0.2096      0.2084      0.0220      0.0221      0.0822
  18       1000        0.2065      0.2018      0.0200      0.0200      0.0658
  19       1000        0.2033      0.1954      0.0182      0.0182      0.0429
  20       1000        0.2000      0.1891      0.0168      0.0168      0.0132
  21       1000        0.1968      0.1831      0.0155      0.0155     -0.0235
  22       1000        0.1936      0.1774      0.0144      0.0144     -0.0675
  23       1000        0.1905      0.1720      0.0135      0.0135     -0.1184
  24       1000        0.1876      0.1670      0.0127      0.0127     -0.1760
  25       1000        0.1848      0.1623      0.0120      0.0120     -0.2394
  26       1000        0.1822      0.1581      0.0114      0.0113     -0.3079
  27       1000        0.1799      0.1544      0.0108      0.0108     -0.3799
  28       1000        0.1778      0.1512      0.0103      0.0103     -0.4540
  29       1000        0.1762      0.1487      0.0099      0.0099     -0.5282
  30       1000        1.3933      1.1149      0.0797      0.0792     -0.6006
