                     ELECTRICAL RESISTIVITY LDS MODEL OUTPUTS
  Deviation:  0      Displacement: 11      Cmp fact: 0.780      Date: 03/02/2021  
  IL = 35   IR = 38   VL = 36   VR = 37   I0 (ma) = 5.34914   Bat(vlt) =   12.00

  Layer  CI(Ohms)      L(ma)       R(ma)       CR0(ma)     CR(ma)       Ds%
   1       1000       -0.7242     -0.5486      1.9472      1.9474      0.0109
   2       1000       -0.3201     -0.1476      1.1385      1.1388      0.0262
   3       1000       -0.0720      0.0944      0.6412      0.6415      0.0553
   4       1000        0.0569      0.2145      0.3820      0.3823      0.1016
   5       1000        0.1243      0.2709      0.2452      0.2457      0.1671
   6       1000        0.1613      0.2952      0.1687      0.1691      0.2519
   7       1000        0.1829      0.3027      0.1227      0.1232      0.3545
   8       1000        0.1959      0.3008      0.0934      0.0938      0.4721
   9       1000        0.2040      0.2936      0.0736      0.0740      0.6003
  10       1000        0.2089      0.2832      0.0596      0.0601      0.7329
  11       1000        0.2118      0.2710      0.0494      0.0499      0.8624
  12       1000        0.2133      0.2579      0.0418      0.0422      0.9800
  13       1000        0.2137      0.2444      0.0359      0.0363      1.0762
  14       1000        0.2134      0.2310      0.0312      0.0316      1.1411
  15       1000        0.2125      0.2179      0.0275      0.0279      1.1651
  16       1000        0.2112      0.2053      0.0245      0.0248      1.1394
  17       1000        0.2096      0.1932      0.0220      0.0223      1.0561
  18       1000        0.2077      0.1819      0.0200      0.0202      0.9087
  19       1000        0.2056      0.1713      0.0182      0.0184      0.6919
  20       1000        0.2035      0.1615      0.0168      0.0168      0.4021
  21       1000        0.2012      0.1524      0.0155      0.0155      0.0368
  22       1000        0.1989      0.1440      0.0144      0.0144     -0.4050
  23       1000        0.1966      0.1364      0.0135      0.0134     -0.9228
  24       1000        0.1944      0.1296      0.0127      0.0125     -1.5142
  25       1000        0.1922      0.1234      0.0120      0.0117     -2.1744
  26       1000        0.1902      0.1180      0.0114      0.0110     -2.8954
  27       1000        0.1883      0.1133      0.0108      0.0104     -3.6651
  28       1000        0.1866      0.1094      0.0103      0.0099     -4.4667
  29       1000        0.1851      0.1064      0.0099      0.0094     -5.2785
  30       1000        1.4954      0.7216      0.0797      0.0748     -6.0748
