                     ELECTRICAL RESISTIVITY LDS MODEL OUTPUTS
  Deviation:  0      Displacement: 17      Cmp fact: 0.780      Date: 03/02/2021  
  IL = 41   IR = 44   VL = 42   VR = 43   I0 (ma) = 5.35033   Bat(vlt) =   12.00

  Layer  CI(Ohms)      L(ma)       R(ma)       CR0(ma)     CR(ma)       Ds%
   1       1000       -0.7281     -0.3109      1.9472      1.9470     -0.0095
   2       1000       -0.3234      0.0783      1.1385      1.1384     -0.0091
   3       1000       -0.0743      0.2989      0.6412      0.6413      0.0256
   4       1000        0.0559      0.3911      0.3820      0.3825      0.1473
   5       1000        0.1248      0.4165      0.2452      0.2463      0.4161
   6       1000        0.1634      0.4095      0.1687      0.1702      0.8738
   7       1000        0.1865      0.3872      0.1227      0.1246      1.5265
   8       1000        0.2009      0.3583      0.0934      0.0956      2.3415
   9       1000        0.2101      0.3273      0.0736      0.0760      3.2548
  10       1000        0.2159      0.2967      0.0596      0.0621      4.1841
  11       1000        0.2193      0.2675      0.0494      0.0519      5.0420
  12       1000        0.2211      0.2406      0.0418      0.0442      5.7477
  13       1000        0.2215      0.2160      0.0359      0.0381      6.2348
  14       1000        0.2209      0.1939      0.0312      0.0333      6.4557
  15       1000        0.2195      0.1741      0.0275      0.0293      6.3827
  16       1000        0.2176      0.1565      0.0245      0.0260      6.0066
  17       1000        0.2152      0.1409      0.0220      0.0232      5.3338
  18       1000        0.2124      0.1272      0.0200      0.0208      4.3828
  19       1000        0.2094      0.1151      0.0182      0.0188      3.1800
  20       1000        0.2062      0.1045      0.0168      0.0171      1.7553
  21       1000        0.2029      0.0952      0.0155      0.0155      0.1379
  22       1000        0.1995      0.0871      0.0144      0.0142     -1.6482
  23       1000        0.1962      0.0801      0.0135      0.0130     -3.5891
  24       1000        0.1929      0.0740      0.0127      0.0120     -5.6852
  25       1000        0.1897      0.0689      0.0120      0.0110     -7.9542
  26       1000        0.1866      0.0647      0.0114      0.0102    -10.4294
  27       1000        0.1836      0.0613      0.0108      0.0094    -13.1484
  28       1000        0.1808      0.0588      0.0103      0.0087    -16.1272
  29       1000        0.1783      0.0572      0.0099      0.0080    -19.3184
  30       1000        1.4453      0.3136      0.0797      0.0617    -22.5735
