                     ELECTRICAL RESISTIVITY LDS MODEL OUTPUTS
  Deviation:  0      Displacement:  8      Cmp fact: 0.780      Date: 03/02/2021  
  IL = 32   IR = 35   VL = 33   VR = 34   I0 (ma) = 5.34940   Bat(vlt) =   12.00

  Layer  CI(Ohms)      L(ma)       R(ma)       CR0(ma)     CR(ma)       Ds%
   1       1000       -0.7192     -0.6054      1.9472      1.9473      0.0058
   2       1000       -0.3151     -0.2030      1.1385      1.1386      0.0138
   3       1000       -0.0671      0.0417      0.6412      0.6413      0.0287
   4       1000        0.0616      0.1655      0.3820      0.3822      0.0517
   5       1000        0.1287      0.2265      0.2452      0.2454      0.0832
   6       1000        0.1655      0.2561      0.1687      0.1689      0.1224
   7       1000        0.1867      0.2691      0.1227      0.1230      0.1680
   8       1000        0.1993      0.2729      0.0934      0.0936      0.2184
   9       1000        0.2070      0.2713      0.0736      0.0738      0.2715
  10       1000        0.2115      0.2663      0.0596      0.0598      0.3246
  11       1000        0.2139      0.2592      0.0494      0.0496      0.3750
  12       1000        0.2150      0.2508      0.0418      0.0420      0.4191
  13       1000        0.2150      0.2415      0.0359      0.0361      0.4534
  14       1000        0.2142      0.2319      0.0312      0.0314      0.4742
  15       1000        0.2130      0.2222      0.0275      0.0277      0.4777
  16       1000        0.2113      0.2125      0.0245      0.0246      0.4601
  17       1000        0.2093      0.2030      0.0220      0.0221      0.4181
  18       1000        0.2071      0.1938      0.0200      0.0200      0.3486
  19       1000        0.2047      0.1850      0.0182      0.0183      0.2490
  20       1000        0.2023      0.1767      0.0168      0.0168      0.1173
  21       1000        0.1998      0.1689      0.0155      0.0155     -0.0478
  22       1000        0.1973      0.1616      0.0144      0.0144     -0.2470
  23       1000        0.1949      0.1548      0.0135      0.0134     -0.4798
  24       1000        0.1925      0.1486      0.0127      0.0126     -0.7449
  25       1000        0.1902      0.1430      0.0120      0.0119     -1.0393
  26       1000        0.1881      0.1379      0.0114      0.0112     -1.3589
  27       1000        0.1862      0.1335      0.0108      0.0106     -1.6976
  28       1000        0.1845      0.1298      0.0103      0.0101     -2.0477
  29       1000        0.1831      0.1269      0.0099      0.0097     -2.4001
  30       1000        1.4683      0.9067      0.0797      0.0775     -2.7446
