                     ELECTRICAL RESISTIVITY LDS MODEL OUTPUTS
  Deviation:  0      Displacement: 13      Cmp fact: 0.780      Date: 03/02/2021  
  IL = 37   IR = 40   VL = 38   VR = 39   I0 (ma) = 5.34900   Bat(vlt) =   12.00

  Layer  CI(Ohms)      L(ma)       R(ma)       CR0(ma)     CR(ma)       Ds%
   1       1000       -0.7258     -0.4950      1.9472      1.9475      0.0139
   2       1000       -0.3217     -0.0958      1.1385      1.1388      0.0339
   3       1000       -0.0735      0.1430      0.6412      0.6416      0.0737
   4       1000        0.0555      0.2586      0.3820      0.3825      0.1404
   5       1000        0.1231      0.3096      0.2452      0.2458      0.2401
   6       1000        0.1604      0.3280      0.1687      0.1693      0.3764
   7       1000        0.1821      0.3294      0.1227      0.1234      0.5492
   8       1000        0.1954      0.3217      0.0934      0.0941      0.7550
   9       1000        0.2037      0.3089      0.0736      0.0743      0.9858
  10       1000        0.2089      0.2934      0.0596      0.0604      1.2296
  11       1000        0.2120      0.2766      0.0494      0.0502      1.4711
  12       1000        0.2136      0.2594      0.0418      0.0425      1.6925
  13       1000        0.2142      0.2424      0.0359      0.0366      1.8750
  14       1000        0.2140      0.2260      0.0312      0.0319      2.0004
  15       1000        0.2132      0.2104      0.0275      0.0281      2.0516
  16       1000        0.2120      0.1958      0.0245      0.0250      2.0142
  17       1000        0.2104      0.1821      0.0220      0.0225      1.8766
  18       1000        0.2085      0.1694      0.0200      0.0203      1.6303
  19       1000        0.2064      0.1577      0.0182      0.0185      1.2698
  20       1000        0.2042      0.1471      0.0168      0.0169      0.7922
  21       1000        0.2019      0.1374      0.0155      0.0155      0.1963
  22       1000        0.1995      0.1287      0.0144      0.0144     -0.5175
  23       1000        0.1971      0.1208      0.0135      0.0133     -1.3478
  24       1000        0.1948      0.1138      0.0127      0.0124     -2.2920
  25       1000        0.1925      0.1076      0.0120      0.0116     -3.3453
  26       1000        0.1903      0.1022      0.0114      0.0109     -4.4991
  27       1000        0.1883      0.0976      0.0108      0.0102     -5.7384
  28       1000        0.1864      0.0938      0.0103      0.0096     -7.0390
  29       1000        0.1848      0.0910      0.0099      0.0091     -8.3656
  30       1000        1.4969      0.5876      0.0797      0.0720     -9.6730
