                     ELECTRICAL RESISTIVITY LDS MODEL OUTPUTS
  Deviation:  0      Displacement: 12      Cmp fact: 0.780      Date: 03/02/2021  
  IL = 36   IR = 39   VL = 37   VR = 38   I0 (ma) = 5.34906   Bat(vlt) =   12.00

  Layer  CI(Ohms)      L(ma)       R(ma)       CR0(ma)     CR(ma)       Ds%
   1       1000       -0.7252     -0.5238      1.9472      1.9474      0.0126
   2       1000       -0.3211     -0.1236      1.1385      1.1388      0.0305
   3       1000       -0.0729      0.1170      0.6412      0.6416      0.0650
   4       1000        0.0560      0.2352      0.3820      0.3824      0.1211
   5       1000        0.1235      0.2892      0.2452      0.2457      0.2022
   6       1000        0.1607      0.3109      0.1687      0.1692      0.3096
   7       1000        0.1823      0.3156      0.1227      0.1233      0.4423
   8       1000        0.1955      0.3111      0.0934      0.0939      0.5972
   9       1000        0.2037      0.3013      0.0736      0.0741      0.7684
  10       1000        0.2087      0.2885      0.0596      0.0602      0.9476
  11       1000        0.2117      0.2742      0.0494      0.0500      1.1242
  12       1000        0.2133      0.2591      0.0418      0.0423      1.2856
  13       1000        0.2138      0.2440      0.0359      0.0364      1.4187
  14       1000        0.2135      0.2291      0.0312      0.0317      1.5100
  15       1000        0.2127      0.2148      0.0275      0.0280      1.5467
  16       1000        0.2115      0.2011      0.0245      0.0249      1.5172
  17       1000        0.2099      0.1882      0.0220      0.0224      1.4119
  18       1000        0.2080      0.1762      0.0200      0.0202      1.2229
  19       1000        0.2060      0.1651      0.0182      0.0184      0.9445
  20       1000        0.2038      0.1548      0.0168      0.0169      0.5729
  21       1000        0.2016      0.1453      0.0155      0.0155      0.1060
  22       1000        0.1993      0.1368      0.0144      0.0144     -0.4571
  23       1000        0.1970      0.1290      0.0135      0.0133     -1.1156
  24       1000        0.1947      0.1220      0.0127      0.0124     -1.8667
  25       1000        0.1925      0.1158      0.0120      0.0117     -2.7055
  26       1000        0.1904      0.1103      0.0114      0.0110     -3.6232
  27       1000        0.1884      0.1057      0.0108      0.0103     -4.6057
  28       1000        0.1867      0.1018      0.0103      0.0098     -5.6323
  29       1000        0.1852      0.0989      0.0099      0.0093     -6.6752
  30       1000        1.4980      0.6554      0.0797      0.0735     -7.7003
