                     ELECTRICAL RESISTIVITY LDS MODEL OUTPUTS
  Deviation:  0      Displacement:  6      Cmp fact: 0.780      Date: 03/02/2021  
  IL = 30   IR = 33   VL = 31   VR = 32   I0 (ma) = 5.34953   Bat(vlt) =   12.00

  Layer  CI(Ohms)      L(ma)       R(ma)       CR0(ma)     CR(ma)       Ds%
   1       1000       -0.7138     -0.6329      1.9472      1.9473      0.0032
   2       1000       -0.3098     -0.2300      1.1385      1.1385      0.0076
   3       1000       -0.0619      0.0157      0.6412      0.6413      0.0157
   4       1000        0.0666      0.1410      0.3820      0.3821      0.0282
   5       1000        0.1335      0.2038      0.2452      0.2454      0.0450
   6       1000        0.1700      0.2355      0.1687      0.1688      0.0658
   7       1000        0.1909      0.2509      0.1227      0.1229      0.0896
   8       1000        0.2032      0.2572      0.0934      0.0935      0.1156
   9       1000        0.2105      0.2581      0.0736      0.0737      0.1425
  10       1000        0.2146      0.2556      0.0596      0.0597      0.1691
  11       1000        0.2166      0.2510      0.0494      0.0495      0.1937
  12       1000        0.2172      0.2449      0.0418      0.0419      0.2149
  13       1000        0.2168      0.2379      0.0359      0.0360      0.2307
  14       1000        0.2156      0.2303      0.0312      0.0313      0.2394
  15       1000        0.2139      0.2224      0.0275      0.0276      0.2391
  16       1000        0.2118      0.2144      0.0245      0.0246      0.2280
  17       1000        0.2094      0.2064      0.0220      0.0221      0.2043
  18       1000        0.2068      0.1986      0.0200      0.0200      0.1665
  19       1000        0.2041      0.1911      0.0182      0.0183      0.1134
  20       1000        0.2013      0.1838      0.0168      0.0168      0.0438
  21       1000        0.1985      0.1769      0.0155      0.0155     -0.0429
  22       1000        0.1957      0.1704      0.0144      0.0144     -0.1470
  23       1000        0.1930      0.1643      0.0135      0.0135     -0.2681
  24       1000        0.1904      0.1587      0.0127      0.0126     -0.4054
  25       1000        0.1879      0.1535      0.0120      0.0119     -0.5574
  26       1000        0.1856      0.1489      0.0114      0.0113     -0.7217
  27       1000        0.1835      0.1448      0.0108      0.0107     -0.8951
  28       1000        0.1817      0.1413      0.0103      0.0102     -1.0739
  29       1000        0.1802      0.1386      0.0099      0.0098     -1.2533
  30       1000        1.4361      1.0166      0.0797      0.0785     -1.4285
