                     ELECTRICAL RESISTIVITY LDS MODEL OUTPUTS
  Deviation:  0      Displacement: 18      Cmp fact: 0.780      Date: 03/02/2021  
  IL = 42   IR = 45   VL = 43   VR = 44   I0 (ma) = 5.35221   Bat(vlt) =   12.00

  Layer  CI(Ohms)      L(ma)       R(ma)       CR0(ma)     CR(ma)       Ds%
   1       1000       -0.7307     -0.2333      1.9472      1.9464     -0.0430
   2       1000       -0.3254      0.1493      1.1385      1.1376     -0.0733
   3       1000       -0.0754      0.3586      0.6412      0.6408     -0.0581
   4       1000        0.0559      0.4375      0.3820      0.3823      0.1019
   5       1000        0.1260      0.4496      0.2452      0.2465      0.5136
   6       1000        0.1657      0.4306      0.1687      0.1708      1.2386
   7       1000        0.1898      0.3982      0.1227      0.1255      2.2644
   8       1000        0.2050      0.3611      0.0934      0.0967      3.5100
   9       1000        0.2147      0.3239      0.0736      0.0771      4.8505
  10       1000        0.2208      0.2886      0.0596      0.0633      6.1461
  11       1000        0.2243      0.2561      0.0494      0.0530      7.2657
  12       1000        0.2258      0.2270      0.0418      0.0452      8.1029
  13       1000        0.2259      0.2010      0.0359      0.0390      8.5836
  14       1000        0.2249      0.1781      0.0312      0.0340      8.6669
  15       1000        0.2230      0.1581      0.0275      0.0298      8.3416
  16       1000        0.2205      0.1406      0.0245      0.0264      7.6212
  17       1000        0.2175      0.1253      0.0220      0.0235      6.5373
  18       1000        0.2141      0.1120      0.0200      0.0210      5.1331
  19       1000        0.2105      0.1005      0.0182      0.0189      3.4579
  20       1000        0.2067      0.0905      0.0168      0.0170      1.5622
  21       1000        0.2029      0.0819      0.0155      0.0154     -0.5081
  22       1000        0.1991      0.0744      0.0144      0.0140     -2.7160
  23       1000        0.1953      0.0680      0.0135      0.0128     -5.0405
  24       1000        0.1916      0.0626      0.0127      0.0117     -7.4833
  25       1000        0.1879      0.0581      0.0120      0.0108    -10.0763
  26       1000        0.1844      0.0545      0.0114      0.0099    -12.8862
  27       1000        0.1811      0.0517      0.0108      0.0091    -16.0057
  28       1000        0.1779      0.0497      0.0103      0.0083    -19.5180
  29       1000        0.1751      0.0487      0.0099      0.0076    -23.4174
  30       1000        1.4172      0.2491      0.0797      0.0577    -27.5063
