                         ELECTRICAL RESISTIVITY LDS MODEL OUTPUTS
      Deviation:  0      Displacement:  0      Cmp fact: 0.780      Date: 03/02/2021  
  IL = 24   IR = 27   VL = 25   VR = 26   I0 (ma) = 5.34969   Bat(vlt) =   12.00

  Layer  CI(Ohms)      CR(ma)        Tup(ma)       Tdw(ma)      up%
   1       1000        1.9472        1.9472        3.4025       36.398
   2       1000        1.1385        3.0857        2.2640       57.679
   3       1000        0.6412        3.7268        1.6229       69.664
   4       1000        0.3820        4.1088        1.2409       76.804
   5       1000        0.2452        4.3540        0.9957       81.388
   6       1000        0.1687        4.5227        0.8270       84.541
   7       1000        0.1227        4.6454        0.7042       86.836
   8       1000        0.0934        4.7388        0.6109       88.581
   9       1000        0.0736        4.8124        0.5373       89.957
  10       1000        0.0596        4.8720        0.4777       91.071
  11       1000        0.0494        4.9215        0.4282       91.996
  12       1000        0.0418        4.9633        0.3864       92.777
  13       1000        0.0359        4.9991        0.3505       93.447
  14       1000        0.0312        5.0304        0.3193       94.032
  15       1000        0.0275        5.0579        0.2918       94.546
  16       1000        0.0245        5.0825        0.2672       95.005
  17       1000        0.0220        5.1045        0.2452       95.417
  18       1000        0.0200        5.1245        0.2252       95.790
  19       1000        0.0182        5.1427        0.2070       96.131
  20       1000        0.0168        5.1595        0.1902       96.444
  21       1000        0.0155        5.1750        0.1747       96.734
  22       1000        0.0144        5.1894        0.1603       97.004
  23       1000        0.0135        5.2029        0.1468       97.256
  24       1000        0.0127        5.2156        0.1341       97.493
  25       1000        0.0120        5.2276        0.1221       97.717
  26       1000        0.0114        5.2389        0.1108       97.930
  27       1000        0.0108        5.2498        0.0999       98.132
  28       1000        0.0103        5.2601        0.0896       98.325
  29       1000        0.0099        5.2700        0.0797       98.511
  30       1000        0.0797        5.3497        0.0000      100.000
