                     ELECTRICAL RESISTIVITY LDS MODEL OUTPUTS
  Deviation:  0      Displacement:  9      Cmp fact: 1.000      Date: 03/02/2021  
  IL = 33   IR = 36   VL = 34   VR = 35   I0 (ma) = 5.34486   Bat(vlt) =   12.00

  Layer  CI(Ohms)      L(ma)       R(ma)       CR0(ma)     CR(ma)       Ds%
   1       1000       -0.6578     -0.4786      1.9482      1.9490      0.0408
   2       1000       -0.2544     -0.0793      1.1399      1.1410      0.0954
   3       1000       -0.0072      0.1599      0.6429      0.6441      0.1926
   4       1000        0.1206      0.2763      0.3838      0.3851      0.3322
   5       1000        0.1866      0.3280      0.2471      0.2484      0.5036
   6       1000        0.2221      0.3470      0.1706      0.1718      0.6878
   7       1000        0.2419      0.3488      0.1247      0.1258      0.8623
   8       1000        0.2529      0.3411      0.0953      0.0963      1.0044
   9       1000        0.2588      0.3280      0.0755      0.0764      1.0933
  10       1000        0.2615      0.3119      0.0616      0.0623      1.1107
  11       1000        0.2620      0.2944      0.0514      0.0519      1.0417
  12       1000        0.2611      0.2765      0.0438      0.0441      0.8758
  13       1000        0.2592      0.2586      0.0379      0.0381      0.6066
  14       1000        0.2566      0.2414      0.0332      0.0333      0.2323
  15       1000        0.2534      0.2250      0.0295      0.0295     -0.2443
  16       1000        0.2500      0.2096      0.0265      0.0263     -0.8165
  17       1000        0.2464      0.1954      0.0241      0.0237     -1.4736
  18       1000        0.2427      0.1824      0.0221      0.0216     -2.2017
  19       1000        0.2391      0.1706      0.0204      0.0198     -2.9845
  20       1000        0.2355      0.1600      0.0190      0.0182     -3.8033
  21       1000        0.2321      0.1505      0.0178      0.0170     -4.6382
  22       1000        0.2289      0.1421      0.0168      0.0159     -5.4683
  23       1000        0.2259      0.1348      0.0160      0.0150     -6.2726
  24       1000        0.2233      0.1285      0.0153      0.0142     -7.0303
  25       1000        0.2209      0.1232      0.0147      0.0136     -7.7218
  26       1000        0.2190      0.1189      0.0143      0.0131     -8.3289
  27       1000        0.2173      0.1154      0.0139      0.0127     -8.8353
  28       1000        0.2161      0.1129      0.0137      0.0124     -9.2277
  29       1000        0.2153      0.1112      0.0135      0.0122     -9.4953
  30       1000        0.2149      0.1104      0.0134      0.0121     -9.6309
