                     ELECTRICAL RESISTIVITY LDS MODEL OUTPUTS
  Deviation:  0      Displacement:  3      Cmp fact: 1.000      Date: 03/02/2021  
  IL = 27   IR = 30   VL = 28   VR = 29   I0 (ma) = 5.34678   Bat(vlt) =   12.00

  Layer  CI(Ohms)      L(ma)       R(ma)       CR0(ma)     CR(ma)       Ds%
   1       1000       -0.6430     -0.5917      1.9482      1.9483      0.0034
   2       1000       -0.2397     -0.1893      1.1399      1.1400      0.0079
   3       1000        0.0072      0.0558      0.6429      0.6430      0.0159
   4       1000        0.1343      0.1803      0.3838      0.3839      0.0276
   5       1000        0.1995      0.2421      0.2471      0.2473      0.0422
   6       1000        0.2340      0.2726      0.1706      0.1707      0.0581
   7       1000        0.2526      0.2867      0.1247      0.1248      0.0737
   8       1000        0.2623      0.2916      0.0953      0.0954      0.0871
   9       1000        0.2668      0.2910      0.0755      0.0756      0.0966
  10       1000        0.2680      0.2870      0.0616      0.0617      0.1005
  11       1000        0.2670      0.2809      0.0514      0.0515      0.0975
  12       1000        0.2646      0.2733      0.0438      0.0438      0.0864
  13       1000        0.2612      0.2649      0.0379      0.0379      0.0665
  14       1000        0.2571      0.2561      0.0332      0.0332      0.0372
  15       1000        0.2526      0.2471      0.0295      0.0295     -0.0015
  16       1000        0.2478      0.2381      0.0265      0.0265     -0.0492
  17       1000        0.2429      0.2294      0.0241      0.0241     -0.1054
  18       1000        0.2380      0.2211      0.0221      0.0220     -0.1689
  19       1000        0.2333      0.2131      0.0204      0.0203     -0.2385
  20       1000        0.2287      0.2057      0.0190      0.0189     -0.3126
  21       1000        0.2244      0.1989      0.0178      0.0177     -0.3893
  22       1000        0.2204      0.1927      0.0168      0.0167     -0.4667
  23       1000        0.2167      0.1872      0.0160      0.0159     -0.5426
  24       1000        0.2134      0.1823      0.0153      0.0152     -0.6148
  25       1000        0.2106      0.1781      0.0147      0.0146     -0.6815
  26       1000        0.2082      0.1746      0.0143      0.0142     -0.7404
  27       1000        0.2062      0.1717      0.0139      0.0138     -0.7900
  28       1000        0.2047      0.1696      0.0137      0.0136     -0.8285
  29       1000        0.2037      0.1682      0.0135      0.0134     -0.8550
  30       1000        0.2032      0.1675      0.0134      0.0133     -0.8684
