                     ELECTRICAL RESISTIVITY LDS MODEL OUTPUTS
  Deviation:  0      Displacement: 12      Cmp fact: 1.000      Date: 03/02/2021  
  IL = 36   IR = 39   VL = 37   VR = 38   I0 (ma) = 5.34205   Bat(vlt) =   12.00

  Layer  CI(Ohms)      L(ma)       R(ma)       CR0(ma)     CR(ma)       Ds%
   1       1000       -0.6491     -0.3743      1.9482      1.9501      0.0955
   2       1000       -0.2461      0.0206      1.1399      1.1425      0.2229
   3       1000        0.0008      0.2518      0.6429      0.6458      0.4474
   4       1000        0.1281      0.3572      0.3838      0.3867      0.7656
   5       1000        0.1936      0.3961      0.2471      0.2500      1.1484
   6       1000        0.2285      0.4014      0.1706      0.1733      1.5471
   7       1000        0.2475      0.3894      0.1247      0.1271      1.9063
   8       1000        0.2578      0.3685      0.0953      0.0974      2.1730
   9       1000        0.2629      0.3435      0.0755      0.0773      2.3007
  10       1000        0.2647      0.3169      0.0616      0.0630      2.2519
  11       1000        0.2644      0.2903      0.0514      0.0524      1.9998
  12       1000        0.2626      0.2647      0.0438      0.0444      1.5288
  13       1000        0.2599      0.2407      0.0379      0.0382      0.8346
  14       1000        0.2565      0.2185      0.0332      0.0332     -0.0769
  15       1000        0.2526      0.1983      0.0295      0.0292     -1.1901
  16       1000        0.2484      0.1801      0.0265      0.0259     -2.4820
  17       1000        0.2442      0.1638      0.0241      0.0231     -3.9232
  18       1000        0.2399      0.1493      0.0221      0.0209     -5.4801
  19       1000        0.2357      0.1365      0.0204      0.0189     -7.1156
  20       1000        0.2316      0.1253      0.0190      0.0173     -8.7912
  21       1000        0.2277      0.1155      0.0178      0.0159    -10.4677
  22       1000        0.2241      0.1071      0.0168      0.0148    -12.1066
  23       1000        0.2208      0.0999      0.0160      0.0138    -13.6706
  24       1000        0.2179      0.0937      0.0153      0.0130    -15.1246
  25       1000        0.2153      0.0886      0.0147      0.0123    -16.4361
  26       1000        0.2131      0.0845      0.0143      0.0118    -17.5762
  27       1000        0.2113      0.0813      0.0139      0.0113    -18.5197
  28       1000        0.2100      0.0789      0.0137      0.0110    -19.2461
  29       1000        0.2091      0.0773      0.0135      0.0108    -19.7394
  30       1000        0.2086      0.0765      0.0134      0.0107    -19.9887
