                     ELECTRICAL RESISTIVITY LDS MODEL OUTPUTS
  Deviation:  0      Displacement: 10      Cmp fact: 1.000      Date: 03/02/2021  
  IL = 34   IR = 37   VL = 35   VR = 36   I0 (ma) = 5.34415   Bat(vlt) =   12.00

  Layer  CI(Ohms)      L(ma)       R(ma)       CR0(ma)     CR(ma)       Ds%
   1       1000       -0.6565     -0.4490      1.9482      1.9493      0.0546
   2       1000       -0.2532     -0.0508      1.1399      1.1414      0.1277
   3       1000       -0.0060      0.1865      0.6429      0.6445      0.2575
   4       1000        0.1217      0.3000      0.3838      0.3855      0.4432
   5       1000        0.1877      0.3485      0.2471      0.2488      0.6701
   6       1000        0.2231      0.3639      0.1706      0.1722      0.9120
   7       1000        0.2427      0.3620      0.1247      0.1261      1.1383
   8       1000        0.2536      0.3506      0.0953      0.0966      1.3188
   9       1000        0.2594      0.3341      0.0755      0.0766      1.4256
  10       1000        0.2620      0.3149      0.0616      0.0625      1.4350
  11       1000        0.2624      0.2946      0.0514      0.0521      1.3284
  12       1000        0.2614      0.2743      0.0438      0.0442      1.0929
  13       1000        0.2593      0.2544      0.0379      0.0381      0.7215
  14       1000        0.2566      0.2355      0.0332      0.0333      0.2135
  15       1000        0.2533      0.2178      0.0295      0.0294     -0.4258
  16       1000        0.2498      0.2013      0.0265      0.0262     -1.1862
  17       1000        0.2461      0.1863      0.0241      0.0236     -2.0526
  18       1000        0.2423      0.1726      0.0221      0.0214     -3.0060
  19       1000        0.2386      0.1603      0.0204      0.0196     -4.0245
  20       1000        0.2349      0.1493      0.0190      0.0180     -5.0839
  21       1000        0.2314      0.1396      0.0178      0.0167     -6.1585
  22       1000        0.2282      0.1311      0.0168      0.0156     -7.2220
  23       1000        0.2251      0.1237      0.0160      0.0147     -8.2482
  24       1000        0.2224      0.1174      0.0153      0.0139     -9.2114
  25       1000        0.2201      0.1121      0.0147      0.0132    -10.0876
  26       1000        0.2180      0.1077      0.0143      0.0127    -10.8547
  27       1000        0.2164      0.1043      0.0139      0.0123    -11.4934
  28       1000        0.2152      0.1018      0.0137      0.0120    -11.9872
  29       1000        0.2143      0.1001      0.0135      0.0118    -12.3236
  30       1000        0.2139      0.0993      0.0134      0.0117    -12.4941
