                     ELECTRICAL RESISTIVITY LDS MODEL OUTPUTS
  Deviation:  0      Displacement:  0      Cmp fact: 1.000      Date: 03/02/2021  
  IL = 24   IR = 27   VL = 25   VR = 26   I0 (ma) = 5.34695   Bat(vlt) =   12.00

  Layer  CI(Ohms)      L(ma)       R(ma)        CR(ma) 
   1       1000       -0.6226     -0.6226       1.9482
   2       1000       -0.2196     -0.2196       1.1399
   3       1000        0.0266      0.0266       0.6429
   4       1000        0.1528      0.1528       0.3838
   5       1000        0.2167      0.2167       0.2471
   6       1000        0.2497      0.2497       0.1706
   7       1000        0.2666      0.2666       0.1247
   8       1000        0.2744      0.2744       0.0953
   9       1000        0.2770      0.2770       0.0755
  10       1000        0.2762      0.2762       0.0616
  11       1000        0.2731      0.2731       0.0514
  12       1000        0.2687      0.2687       0.0438
  13       1000        0.2632      0.2632       0.0379
  14       1000        0.2572      0.2572       0.0332
  15       1000        0.2508      0.2508       0.0295
  16       1000        0.2443      0.2443       0.0265
  17       1000        0.2378      0.2378       0.0241
  18       1000        0.2314      0.2314       0.0221
  19       1000        0.2253      0.2253       0.0204
  20       1000        0.2195      0.2195       0.0190
  21       1000        0.2140      0.2140       0.0178
  22       1000        0.2090      0.2090       0.0168
  23       1000        0.2045      0.2045       0.0160
  24       1000        0.2005      0.2005       0.0153
  25       1000        0.1970      0.1970       0.0147
  26       1000        0.1941      0.1941       0.0143
  27       1000        0.1918      0.1918       0.0139
  28       1000        0.1900      0.1900       0.0137
  29       1000        0.1888      0.1888       0.0135
  30       1000        0.1882      0.1882       0.0134
