                     ELECTRICAL RESISTIVITY LDS MODEL OUTPUTS
  Deviation:  0      Displacement:  5      Cmp fact: 1.000      Date: 03/02/2021  
  IL = 29   IR = 32   VL = 30   VR = 31   I0 (ma) = 5.34644   Bat(vlt) =   12.00

  Layer  CI(Ohms)      L(ma)       R(ma)       CR0(ma)     CR(ma)       Ds%
   1       1000       -0.6518     -0.5634      1.9482      1.9484      0.0099
   2       1000       -0.2484     -0.1616      1.1399      1.1402      0.0233
   3       1000       -0.0012      0.0823      0.6429      0.6432      0.0472
   4       1000        0.1263      0.2050      0.3838      0.3841      0.0818
   5       1000        0.1920      0.2647      0.2471      0.2475      0.1247
   6       1000        0.2271      0.2927      0.1706      0.1709      0.1717
   7       1000        0.2463      0.3040      0.1247      0.1250      0.2173
   8       1000        0.2569      0.3060      0.0953      0.0956      0.2562
   9       1000        0.2622      0.3024      0.0755      0.0758      0.2831
  10       1000        0.2643      0.2954      0.0616      0.0618      0.2934
  11       1000        0.2642      0.2864      0.0514      0.0516      0.2829
  12       1000        0.2626      0.2760      0.0438      0.0439      0.2486
  13       1000        0.2601      0.2651      0.0379      0.0379      0.1881
  14       1000        0.2568      0.2538      0.0332      0.0333      0.1003
  15       1000        0.2531      0.2426      0.0295      0.0295     -0.0149
  16       1000        0.2491      0.2317      0.0265      0.0265     -0.1563
  17       1000        0.2450      0.2213      0.0241      0.0240     -0.3219
  18       1000        0.2408      0.2114      0.0221      0.0220     -0.5086
  19       1000        0.2367      0.2021      0.0204      0.0202     -0.7124
  20       1000        0.2327      0.1936      0.0190      0.0188     -0.9285
  21       1000        0.2289      0.1858      0.0178      0.0176     -1.1516
  22       1000        0.2254      0.1787      0.0168      0.0166     -1.3760
  23       1000        0.2221      0.1724      0.0160      0.0157     -1.5957
  24       1000        0.2192      0.1670      0.0153      0.0150     -1.8045
  25       1000        0.2166      0.1623      0.0147      0.0144     -1.9966
  26       1000        0.2145      0.1584      0.0143      0.0140     -2.1663
  27       1000        0.2127      0.1553      0.0139      0.0136     -2.3088
  28       1000        0.2114      0.1530      0.0137      0.0133     -2.4195
  29       1000        0.2105      0.1514      0.0135      0.0132     -2.4953
  30       1000        0.2100      0.1506      0.0134      0.0131     -2.5338
