                     ELECTRICAL RESISTIVITY LDS MODEL OUTPUTS
  Deviation:  0      Displacement: 11      Cmp fact: 1.000      Date: 03/02/2021  
  IL = 35   IR = 38   VL = 36   VR = 37   I0 (ma) = 5.34323   Bat(vlt) =   12.00

  Layer  CI(Ohms)      L(ma)       R(ma)       CR0(ma)     CR(ma)       Ds%
   1       1000       -0.6537     -0.4145      1.9482      1.9497      0.0724
   2       1000       -0.2505     -0.0178      1.1399      1.1419      0.1693
   3       1000       -0.0034      0.2169      0.6429      0.6451      0.3405
   4       1000        0.1241      0.3269      0.3838      0.3860      0.5846
   5       1000        0.1899      0.3711      0.2471      0.2493      0.8809
   6       1000        0.2251      0.3821      0.1706      0.1727      1.1936
   7       1000        0.2445      0.3756      0.1247      0.1265      1.4815
   8       1000        0.2552      0.3599      0.0953      0.0970      1.7043
   9       1000        0.2607      0.3394      0.0755      0.0769      1.8259
  10       1000        0.2630      0.3167      0.0616      0.0627      1.8160
  11       1000        0.2632      0.2934      0.0514      0.0523      1.6519
  12       1000        0.2619      0.2705      0.0438      0.0443      1.3187
  13       1000        0.2595      0.2486      0.0379      0.0382      0.8099
  14       1000        0.2565      0.2280      0.0332      0.0333      0.1273
  15       1000        0.2531      0.2089      0.0295      0.0293     -0.7202
  16       1000        0.2493      0.1915      0.0265      0.0261     -1.7169
  17       1000        0.2454      0.1758      0.0241      0.0234     -2.8417
  18       1000        0.2414      0.1616      0.0221      0.0212     -4.0691
  19       1000        0.2375      0.1490      0.0204      0.0193     -5.3704
  20       1000        0.2336      0.1378      0.0190      0.0177     -6.7147
  21       1000        0.2300      0.1280      0.0178      0.0164     -8.0698
  22       1000        0.2266      0.1194      0.0168      0.0152     -9.4034
  23       1000        0.2235      0.1120      0.0160      0.0143    -10.6837
  24       1000        0.2207      0.1057      0.0153      0.0135    -11.8802
  25       1000        0.2182      0.1005      0.0147      0.0128    -12.9645
  26       1000        0.2161      0.0962      0.0143      0.0123    -13.9106
  27       1000        0.2144      0.0929      0.0139      0.0119    -14.6962
  28       1000        0.2132      0.0904      0.0137      0.0116    -15.3024
  29       1000        0.2123      0.0887      0.0135      0.0114    -15.7148
  30       1000        0.2119      0.0879      0.0134      0.0113    -15.9235
