                     ELECTRICAL RESISTIVITY LDS MODEL OUTPUTS
  Deviation:  0      Displacement: 20      Cmp fact: 1.000      Date: 03/02/2021  
  IL = 44   IR = 47   VL = 45   VR = 46   I0 (ma) = 5.28371   Bat(vlt) =   12.00

  Layer  CI(Ohms)      L(ma)       R(ma)       CR0(ma)     CR(ma)       Ds%
   1       1000       -0.4263      0.5764      1.9482      1.9714      1.1904
   2       1000       -0.0359      0.7989      1.1399      1.1695      2.5904
   3       1000        0.1927      0.7965      0.6429      0.6726      4.6157
   4       1000        0.2975      0.6815      0.3838      0.4094      6.6617
   5       1000        0.3377      0.5434      0.2471      0.2668      7.9398
   6       1000        0.3460      0.4195      0.1706      0.1840      7.8295
   7       1000        0.3386      0.3196      0.1247      0.1323      6.0831
   8       1000        0.3237      0.2428      0.0953      0.0980      2.7913
   9       1000        0.3054      0.1850      0.0755      0.0742     -1.7525
  10       1000        0.2862      0.1419      0.0616      0.0572     -7.1803
  11       1000        0.2673      0.1097      0.0514      0.0447    -13.1336
  12       1000        0.2493      0.0856      0.0438      0.0353    -19.3070
  13       1000        0.2327      0.0675      0.0379      0.0282    -25.4632
  14       1000        0.2174      0.0538      0.0332      0.0228    -31.4308
  15       1000        0.2036      0.0432      0.0295      0.0186    -37.0948
  16       1000        0.1912      0.0351      0.0265      0.0153    -42.3848
  17       1000        0.1801      0.0289      0.0241      0.0127    -47.2633
  18       1000        0.1702      0.0239      0.0221      0.0107    -51.7156
  19       1000        0.1614      0.0201      0.0204      0.0090    -55.7426
  20       1000        0.1537      0.0170      0.0190      0.0077    -59.3545
  21       1000        0.1470      0.0146      0.0178      0.0067    -62.5667
  22       1000        0.1411      0.0126      0.0168      0.0058    -65.3970
  23       1000        0.1360      0.0111      0.0160      0.0051    -67.8635
  24       1000        0.1316      0.0098      0.0153      0.0046    -69.9832
  25       1000        0.1280      0.0089      0.0147      0.0042    -71.7716
  26       1000        0.1250      0.0081      0.0143      0.0038    -73.2419
  27       1000        0.1227      0.0075      0.0139      0.0036    -74.4052
  28       1000        0.1209      0.0071      0.0137      0.0034    -75.2702
  29       1000        0.1198      0.0069      0.0135      0.0033    -75.8434
  30       1000        0.1192      0.0067      0.0134      0.0032    -76.1289
