                     ELECTRICAL RESISTIVITY LDS MODEL OUTPUTS
  Deviation:  0      Displacement: 19      Cmp fact: 1.000      Date: 03/02/2021  
  IL = 43   IR = 46   VL = 44   VR = 45   I0 (ma) = 5.30528   Bat(vlt) =   12.00

  Layer  CI(Ohms)      L(ma)       R(ma)       CR0(ma)     CR(ma)       Ds%
   1       1000       -0.4959      0.3143      1.9482      1.9637      0.7945
   2       1000       -0.1003      0.6160      1.1399      1.1602      1.7764
   3       1000        0.1361      0.7057      0.6429      0.6642      3.3119
   4       1000        0.2502      0.6618      0.3838      0.4034      5.0965
   5       1000        0.3005      0.5681      0.2471      0.2635      6.6300
   6       1000        0.3187      0.4670      0.1706      0.1833      7.4096
   7       1000        0.3205      0.3758      0.1247      0.1336      7.1021
   8       1000        0.3137      0.2995      0.0953      0.1007      5.5890
   9       1000        0.3024      0.2380      0.0755      0.0778      2.9288
  10       1000        0.2889      0.1893      0.0616      0.0612     -0.7073
  11       1000        0.2746      0.1512      0.0514      0.0488     -5.0941
  12       1000        0.2602      0.1214      0.0438      0.0394     -9.9964
  13       1000        0.2463      0.0981      0.0379      0.0321    -15.1965
  14       1000        0.2331      0.0798      0.0332      0.0264    -20.5084
  15       1000        0.2207      0.0655      0.0295      0.0219    -25.7827
  16       1000        0.2093      0.0541      0.0265      0.0183    -30.9053
  17       1000        0.1989      0.0451      0.0241      0.0155    -35.7932
  18       1000        0.1895      0.0380      0.0221      0.0132    -40.3890
  19       1000        0.1810      0.0322      0.0204      0.0113    -44.6552
  20       1000        0.1734      0.0276      0.0190      0.0098    -48.5694
  21       1000        0.1666      0.0238      0.0178      0.0085    -52.1198
  22       1000        0.1606      0.0208      0.0168      0.0075    -55.3019
  23       1000        0.1554      0.0184      0.0160      0.0067    -58.1158
  24       1000        0.1510      0.0165      0.0153      0.0060    -60.5645
  25       1000        0.1472      0.0149      0.0147      0.0055    -62.6521
  26       1000        0.1441      0.0137      0.0143      0.0051    -64.3834
  27       1000        0.1417      0.0128      0.0139      0.0048    -65.7627
  28       1000        0.1399      0.0122      0.0137      0.0045    -66.7937
  29       1000        0.1387      0.0117      0.0135      0.0044    -67.4793
  30       1000        0.1381      0.0115      0.0134      0.0043    -67.8217
