                     ELECTRICAL RESISTIVITY LDS MODEL OUTPUTS
  Deviation:  0      Displacement: 14      Cmp fact: 1.000      Date: 03/02/2021  
  IL = 38   IR = 41   VL = 39   VR = 40   I0 (ma) = 5.33842   Bat(vlt) =   12.00

  Layer  CI(Ohms)      L(ma)       R(ma)       CR0(ma)     CR(ma)       Ds%
   1       1000       -0.6328     -0.2699      1.9482      1.9515      0.1658
   2       1000       -0.2304      0.1187      1.1399      1.1443      0.3853
   3       1000        0.0158      0.3387      0.6429      0.6478      0.7679
   4       1000        0.1421      0.4296      0.3838      0.3888      1.3006
   5       1000        0.2065      0.4525      0.2471      0.2519      1.9242
   6       1000        0.2401      0.4417      0.1706      0.1750      2.5466
   7       1000        0.2577      0.4147      0.1247      0.1285      3.0685
   8       1000        0.2664      0.3807      0.0953      0.0986      3.3997
   9       1000        0.2699      0.3445      0.0755      0.0782      3.4676
  10       1000        0.2701      0.3090      0.0616      0.0636      3.2204
  11       1000        0.2682      0.2755      0.0514      0.0528      2.6286
  12       1000        0.2649      0.2448      0.0438      0.0445      1.6840
  13       1000        0.2606      0.2171      0.0379      0.0380      0.3973
  14       1000        0.2557      0.1925      0.0332      0.0328     -1.2044
  15       1000        0.2505      0.1708      0.0295      0.0286     -3.0820
  16       1000        0.2451      0.1518      0.0265      0.0252     -5.1874
  17       1000        0.2397      0.1352      0.0241      0.0223     -7.4673
  18       1000        0.2344      0.1209      0.0221      0.0199     -9.8653
  19       1000        0.2292      0.1085      0.0204      0.0179    -12.3252
  20       1000        0.2244      0.0979      0.0190      0.0162    -14.7917
  21       1000        0.2198      0.0888      0.0178      0.0147    -17.2122
  22       1000        0.2156      0.0811      0.0168      0.0135    -19.5377
  23       1000        0.2118      0.0746      0.0160      0.0125    -21.7229
  24       1000        0.2084      0.0692      0.0153      0.0117    -23.7270
  25       1000        0.2054      0.0647      0.0147      0.0110    -25.5139
  26       1000        0.2029      0.0611      0.0143      0.0104    -27.0519
  27       1000        0.2009      0.0583      0.0139      0.0100    -28.3147
  28       1000        0.1994      0.0563      0.0137      0.0097    -29.2807
  29       1000        0.1984      0.0549      0.0135      0.0095    -29.9338
  30       1000        0.1979      0.0543      0.0134      0.0094    -30.2631
