                     ELECTRICAL RESISTIVITY LDS MODEL OUTPUTS
  Deviation:  0      Displacement: 16      Cmp fact: 1.000      Date: 03/02/2021  
  IL = 40   IR = 43   VL = 41   VR = 42   I0 (ma) = 5.33176   Bat(vlt) =   12.00

  Layer  CI(Ohms)      L(ma)       R(ma)       CR0(ma)     CR(ma)       Ds%
   1       1000       -0.6019     -0.1163      1.9482      1.9540      0.2941
   2       1000       -0.2005      0.2589      1.1399      1.1477      0.6785
   3       1000        0.0439      0.4561      0.6429      0.6515      1.3348
   4       1000        0.1682      0.5193      0.3838      0.3923      2.2182
   5       1000        0.2301      0.5138      0.2471      0.2551      3.1991
   6       1000        0.2609      0.4771      0.1706      0.1776      4.0973
   7       1000        0.2754      0.4282      0.1247      0.1306      4.7343
   8       1000        0.2810      0.3769      0.0953      0.1001      4.9665
   9       1000        0.2812      0.3278      0.0755      0.0791      4.6971
  10       1000        0.2782      0.2832      0.0616      0.0640      3.8781
  11       1000        0.2732      0.2437      0.0514      0.0527      2.5050
  12       1000        0.2669      0.2095      0.0438      0.0440      0.6097
  13       1000        0.2600      0.1801      0.0379      0.0372     -1.7494
  14       1000        0.2526      0.1550      0.0332      0.0317     -4.4962
  15       1000        0.2451      0.1338      0.0295      0.0273     -7.5451
  16       1000        0.2378      0.1159      0.0265      0.0237    -10.8082
  17       1000        0.2306      0.1008      0.0241      0.0207    -14.1997
  18       1000        0.2237      0.0881      0.0221      0.0182    -17.6392
  19       1000        0.2173      0.0775      0.0204      0.0161    -21.0537
  20       1000        0.2112      0.0686      0.0190      0.0143    -24.3783
  21       1000        0.2057      0.0611      0.0178      0.0129    -27.5563
  22       1000        0.2007      0.0548      0.0168      0.0117    -30.5389
  23       1000        0.1962      0.0497      0.0160      0.0107    -33.2844
  24       1000        0.1922      0.0454      0.0153      0.0098    -35.7575
  25       1000        0.1888      0.0420      0.0147      0.0091    -37.9288
  26       1000        0.1860      0.0392      0.0143      0.0086    -39.7737
  27       1000        0.1837      0.0371      0.0139      0.0082    -41.2726
  28       1000        0.1820      0.0356      0.0137      0.0079    -42.4101
  29       1000        0.1809      0.0346      0.0135      0.0077    -43.1746
  30       1000        0.1803      0.0341      0.0134      0.0076    -43.5588
