                     ELECTRICAL RESISTIVITY LDS MODEL OUTPUTS
  Deviation:  0      Displacement:  2      Cmp fact: 1.000      Date: 03/02/2021  
  IL = 26   IR = 29   VL = 27   VR = 28   I0 (ma) = 5.34687   Bat(vlt) =   12.00

  Layer  CI(Ohms)      L(ma)       R(ma)       CR0(ma)     CR(ma)       Ds%
   1       1000       -0.6372     -0.6034      1.9482      1.9483      0.0015
   2       1000       -0.2340     -0.2007      1.1399      1.1400      0.0034
   3       1000        0.0127      0.0448      0.6429      0.6429      0.0069
   4       1000        0.1396      0.1700      0.3838      0.3838      0.0120
   5       1000        0.2045      0.2326      0.2471      0.2472      0.0184
   6       1000        0.2385      0.2641      0.1706      0.1707      0.0253
   7       1000        0.2566      0.2793      0.1247      0.1247      0.0322
   8       1000        0.2658      0.2853      0.0953      0.0954      0.0380
   9       1000        0.2698      0.2859      0.0755      0.0756      0.0422
  10       1000        0.2704      0.2831      0.0616      0.0616      0.0440
  11       1000        0.2689      0.2782      0.0514      0.0514      0.0427
  12       1000        0.2658      0.2718      0.0438      0.0438      0.0380
  13       1000        0.2618      0.2645      0.0379      0.0379      0.0293
  14       1000        0.2572      0.2567      0.0332      0.0332      0.0166
  15       1000        0.2521      0.2486      0.0295      0.0295     -0.0002
  16       1000        0.2468      0.2406      0.0265      0.0265     -0.0210
  17       1000        0.2415      0.2327      0.0241      0.0241     -0.0455
  18       1000        0.2362      0.2250      0.0221      0.0220     -0.0732
  19       1000        0.2310      0.2177      0.0204      0.0204     -0.1037
  20       1000        0.2261      0.2109      0.0190      0.0189     -0.1361
  21       1000        0.2214      0.2045      0.0178      0.0178     -0.1697
  22       1000        0.2171      0.1988      0.0168      0.0168     -0.2036
  23       1000        0.2132      0.1936      0.0160      0.0159     -0.2368
  24       1000        0.2097      0.1890      0.0153      0.0152     -0.2686
  25       1000        0.2067      0.1850      0.0147      0.0147     -0.2978
  26       1000        0.2041      0.1817      0.0143      0.0142     -0.3237
  27       1000        0.2020      0.1790      0.0139      0.0139     -0.3455
  28       1000        0.2004      0.1770      0.0137      0.0136     -0.3624
  29       1000        0.1994      0.1757      0.0135      0.0134     -0.3740
  30       1000        0.1989      0.1750      0.0134      0.0134     -0.3799
