                     ELECTRICAL RESISTIVITY LDS MODEL OUTPUTS
  Deviation:  0      Displacement: 18      Cmp fact: 1.000      Date: 03/02/2021  
  IL = 42   IR = 45   VL = 43   VR = 44   I0 (ma) = 5.31807   Bat(vlt) =   12.00

  Layer  CI(Ohms)      L(ma)       R(ma)       CR0(ma)     CR(ma)       Ds%
   1       1000       -0.5436      0.1286      1.9482      1.9591      0.5548
   2       1000       -0.1451      0.4696      1.1399      1.1543      1.2595
   3       1000        0.0954      0.6133      0.6429      0.6584      2.4107
   4       1000        0.2148      0.6193      0.3838      0.3986      3.8511
   5       1000        0.2708      0.5630      0.2471      0.2602      5.2681
   6       1000        0.2952      0.4863      0.1706      0.1814      6.2977
   7       1000        0.3031      0.4090      0.1247      0.1330      6.6429
   8       1000        0.3020      0.3391      0.0953      0.1012      6.1283
   9       1000        0.2958      0.2791      0.0755      0.0791      4.6998
  10       1000        0.2869      0.2292      0.0616      0.0631      2.4013
  11       1000        0.2764      0.1883      0.0514      0.0511     -0.6572
  12       1000        0.2653      0.1551      0.0438      0.0419     -4.3285
  13       1000        0.2540      0.1282      0.0379      0.0347     -8.4522
  14       1000        0.2430      0.1065      0.0332      0.0290    -12.8718
  15       1000        0.2323      0.0890      0.0295      0.0244    -17.4452
  16       1000        0.2223      0.0748      0.0265      0.0207    -22.0501
  17       1000        0.2129      0.0633      0.0241      0.0177    -26.5852
  18       1000        0.2043      0.0539      0.0221      0.0152    -30.9699
  19       1000        0.1963      0.0463      0.0204      0.0132    -35.1415
  20       1000        0.1891      0.0401      0.0190      0.0116    -39.0525
  21       1000        0.1826      0.0350      0.0178      0.0102    -42.6679
  22       1000        0.1769      0.0309      0.0168      0.0091    -45.9624
  23       1000        0.1718      0.0275      0.0160      0.0082    -48.9177
  24       1000        0.1674      0.0248      0.0153      0.0074    -51.5212
  25       1000        0.1637      0.0226      0.0147      0.0068    -53.7639
  26       1000        0.1606      0.0209      0.0143      0.0063    -55.6398
  27       1000        0.1581      0.0196      0.0139      0.0060    -57.1446
  28       1000        0.1563      0.0187      0.0137      0.0057    -58.2754
  29       1000        0.1551      0.0181      0.0135      0.0055    -59.0303
  30       1000        0.1545      0.0178      0.0134      0.0054    -59.4080
