                     ELECTRICAL RESISTIVITY LDS MODEL OUTPUTS
  Deviation:  0      Displacement: 15      Cmp fact: 1.000      Date: 03/02/2021  
  IL = 39   IR = 42   VL = 40   VR = 41   I0 (ma) = 5.33563   Bat(vlt) =   12.00

  Layer  CI(Ohms)      L(ma)       R(ma)       CR0(ma)     CR(ma)       Ds%
   1       1000       -0.6197     -0.2011      1.9482      1.9525      0.2198
   2       1000       -0.2177      0.1822      1.1399      1.1457      0.5091
   3       1000        0.0277      0.3930      0.6429      0.6494      1.0093
   4       1000        0.1533      0.4724      0.3838      0.3903      1.6958
   5       1000        0.2167      0.4831      0.2471      0.2533      2.4822
   6       1000        0.2491      0.4609      0.1706      0.1761      3.2404
   7       1000        0.2655      0.4239      0.1247      0.1295      3.8370
   8       1000        0.2729      0.3817      0.0953      0.0993      4.1566
   9       1000        0.2750      0.3392      0.0755      0.0786      4.1126
  10       1000        0.2739      0.2989      0.0616      0.0638      3.6503
  11       1000        0.2706      0.2622      0.0514      0.0528      2.7467
  12       1000        0.2660      0.2293      0.0438      0.0444      1.4070
  13       1000        0.2606      0.2004      0.0379      0.0377     -0.3397
  14       1000        0.2546      0.1752      0.0332      0.0324     -2.4465
  15       1000        0.2484      0.1535      0.0295      0.0281     -4.8541
  16       1000        0.2421      0.1347      0.0265      0.0246     -7.4961
  17       1000        0.2359      0.1187      0.0241      0.0216    -10.3032
  18       1000        0.2299      0.1050      0.0221      0.0192    -13.2064
  19       1000        0.2241      0.0933      0.0204      0.0171    -16.1396
  20       1000        0.2187      0.0833      0.0190      0.0154    -19.0409
  21       1000        0.2137      0.0749      0.0178      0.0139    -21.8536
  22       1000        0.2091      0.0679      0.0168      0.0127    -24.5265
  23       1000        0.2049      0.0620      0.0160      0.0117    -27.0140
  24       1000        0.2013      0.0571      0.0153      0.0108    -29.2763
  25       1000        0.1981      0.0531      0.0147      0.0101    -31.2788
  26       1000        0.1954      0.0499      0.0143      0.0096    -32.9921
  27       1000        0.1933      0.0474      0.0139      0.0091    -34.3918
  28       1000        0.1917      0.0456      0.0137      0.0088    -35.4585
  29       1000        0.1906      0.0444      0.0135      0.0086    -36.1777
  30       1000        0.1901      0.0438      0.0134      0.0085    -36.5397
