                     ELECTRICAL RESISTIVITY LDS MODEL OUTPUTS
  Deviation:  0      Displacement:  6      Cmp fact: 1.000      Date: 03/02/2021  
  IL = 30   IR = 33   VL = 31   VR = 32   I0 (ma) = 5.34618   Bat(vlt) =   12.00

  Layer  CI(Ohms)      L(ma)       R(ma)       CR0(ma)     CR(ma)       Ds%
   1       1000       -0.6548     -0.5462      1.9482      1.9485      0.0150
   2       1000       -0.2513     -0.1449      1.1399      1.1403      0.0351
   3       1000       -0.0041      0.0982      0.6429      0.6433      0.0711
   4       1000        0.1235      0.2198      0.3838      0.3843      0.1231
   5       1000        0.1894      0.2781      0.2471      0.2476      0.1876
   6       1000        0.2247      0.3044      0.1706      0.1711      0.2578
   7       1000        0.2442      0.3139      0.1247      0.1251      0.3258
   8       1000        0.2550      0.3140      0.0953      0.0957      0.3834
   9       1000        0.2606      0.3086      0.0755      0.0759      0.4226
  10       1000        0.2629      0.2998      0.0616      0.0619      0.4366
  11       1000        0.2632      0.2890      0.0514      0.0516      0.4191
  12       1000        0.2619      0.2770      0.0438      0.0439      0.3657
  13       1000        0.2597      0.2645      0.0379      0.0380      0.2731
  14       1000        0.2567      0.2519      0.0332      0.0333      0.1398
  15       1000        0.2533      0.2395      0.0295      0.0295     -0.0342
  16       1000        0.2496      0.2276      0.0265      0.0265     -0.2471
  17       1000        0.2457      0.2162      0.0241      0.0240     -0.4954
  18       1000        0.2418      0.2055      0.0221      0.0219     -0.7746
  19       1000        0.2379      0.1955      0.0204      0.0202     -1.0785
  20       1000        0.2341      0.1864      0.0190      0.0187     -1.4000
  21       1000        0.2305      0.1781      0.0178      0.0175     -1.7313
  22       1000        0.2271      0.1707      0.0168      0.0165     -2.0638
  23       1000        0.2240      0.1641      0.0160      0.0156     -2.3887
  24       1000        0.2212      0.1583      0.0153      0.0149     -2.6971
  25       1000        0.2188      0.1534      0.0147      0.0143     -2.9804
  26       1000        0.2167      0.1494      0.0143      0.0138     -3.2304
  27       1000        0.2150      0.1462      0.0139      0.0134     -3.4400
  28       1000        0.2137      0.1437      0.0137      0.0132     -3.6029
  29       1000        0.2129      0.1421      0.0135      0.0130     -3.7143
  30       1000        0.2124      0.1413      0.0134      0.0129     -3.7709
