                     ELECTRICAL RESISTIVITY LDS MODEL OUTPUTS
  Deviation:  0      Displacement:  7      Cmp fact: 1.000      Date: 03/02/2021  
  IL = 31   IR = 34   VL = 32   VR = 33   I0 (ma) = 5.34585   Bat(vlt) =   12.00

  Layer  CI(Ohms)      L(ma)       R(ma)       CR0(ma)     CR(ma)       Ds%
   1       1000       -0.6569     -0.5267      1.9482      1.9487      0.0215
   2       1000       -0.2534     -0.1259      1.1399      1.1405      0.0505
   3       1000       -0.0061      0.1162      0.6429      0.6435      0.1021
   4       1000        0.1216      0.2364      0.3838      0.3845      0.1766
   5       1000        0.1876      0.2929      0.2471      0.2478      0.2687
   6       1000        0.2230      0.3173      0.1706      0.1712      0.3687
   7       1000        0.2427      0.3247      0.1247      0.1253      0.4650
   8       1000        0.2536      0.3226      0.0953      0.0959      0.5457
   9       1000        0.2594      0.3150      0.0755      0.0760      0.5997
  10       1000        0.2620      0.3041      0.0616      0.0620      0.6169
  11       1000        0.2624      0.2913      0.0514      0.0517      0.5888
  12       1000        0.2614      0.2776      0.0438      0.0440      0.5091
  13       1000        0.2594      0.2634      0.0379      0.0380      0.3735
  14       1000        0.2566      0.2494      0.0332      0.0333      0.1802
  15       1000        0.2534      0.2357      0.0295      0.0295     -0.0705
  16       1000        0.2499      0.2226      0.0265      0.0264     -0.3756
  17       1000        0.2462      0.2103      0.0241      0.0239     -0.7301
  18       1000        0.2424      0.1987      0.0221      0.0218     -1.1271
  19       1000        0.2387      0.1881      0.0204      0.0201     -1.5578
  20       1000        0.2350      0.1784      0.0190      0.0186     -2.0122
  21       1000        0.2316      0.1697      0.0178      0.0173     -2.4790
  22       1000        0.2283      0.1619      0.0168      0.0163     -2.9464
  23       1000        0.2253      0.1550      0.0160      0.0154     -3.4021
  24       1000        0.2226      0.1490      0.0153      0.0147     -3.8338
  25       1000        0.2202      0.1440      0.0147      0.0141     -4.2296
  26       1000        0.2182      0.1398      0.0143      0.0136     -4.5785
  27       1000        0.2166      0.1364      0.0139      0.0132     -4.8705
  28       1000        0.2153      0.1340      0.0137      0.0130     -5.0974
  29       1000        0.2145      0.1323      0.0135      0.0128     -5.2524
  30       1000        0.2141      0.1315      0.0134      0.0127     -5.3310
