                     ELECTRICAL RESISTIVITY LDS MODEL OUTPUTS
  Deviation:  0      Displacement:  1      Cmp fact: 1.000      Date: 03/02/2021  
  IL = 25   IR = 28   VL = 26   VR = 27   I0 (ma) = 5.34693   Bat(vlt) =   12.00

  Layer  CI(Ohms)      L(ma)       R(ma)       CR0(ma)     CR(ma)       Ds%
   1       1000       -0.6305     -0.6136      1.9482      1.9483      0.0004
   2       1000       -0.2273     -0.2108      1.1399      1.1399      0.0008
   3       1000        0.0192      0.0351      0.6429      0.6429      0.0017
   4       1000        0.1457      0.1608      0.3838      0.3838      0.0030
   5       1000        0.2102      0.2242      0.2471      0.2472      0.0045
   6       1000        0.2437      0.2565      0.1706      0.1706      0.0063
   7       1000        0.2612      0.2726      0.1247      0.1247      0.0080
   8       1000        0.2699      0.2796      0.0953      0.0953      0.0094
   9       1000        0.2732      0.2812      0.0755      0.0755      0.0104
  10       1000        0.2731      0.2795      0.0616      0.0616      0.0109
  11       1000        0.2709      0.2756      0.0514      0.0514      0.0106
  12       1000        0.2672      0.2702      0.0438      0.0438      0.0094
  13       1000        0.2625      0.2639      0.0379      0.0379      0.0073
  14       1000        0.2572      0.2570      0.0332      0.0332      0.0042
  15       1000        0.2515      0.2499      0.0295      0.0295      0.0000
  16       1000        0.2457      0.2426      0.0265      0.0265     -0.0051
  17       1000        0.2398      0.2354      0.0241      0.0241     -0.0112
  18       1000        0.2340      0.2284      0.0221      0.0221     -0.0180
  19       1000        0.2284      0.2217      0.0204      0.0204     -0.0256
  20       1000        0.2230      0.2154      0.0190      0.0190     -0.0336
  21       1000        0.2180      0.2096      0.0178      0.0178     -0.0419
  22       1000        0.2133      0.2042      0.0168      0.0168     -0.0503
  23       1000        0.2091      0.1993      0.0160      0.0160     -0.0586
  24       1000        0.2054      0.1950      0.0153      0.0153     -0.0664
  25       1000        0.2021      0.1913      0.0147      0.0147     -0.0737
  26       1000        0.1994      0.1882      0.0143      0.0143     -0.0801
  27       1000        0.1972      0.1857      0.0139      0.0139     -0.0855
  28       1000        0.1955      0.1838      0.0137      0.0137     -0.0897
  29       1000        0.1944      0.1826      0.0135      0.0135     -0.0926
  30       1000        0.1938      0.1819      0.0134      0.0134     -0.0941
