                     ELECTRICAL RESISTIVITY LDS MODEL OUTPUTS
  Deviation:  0      Displacement:  4      Cmp fact: 1.000      Date: 03/02/2021  
  IL = 28   IR = 31   VL = 29   VR = 30   I0 (ma) = 5.34664   Bat(vlt) =   12.00

  Layer  CI(Ohms)      L(ma)       R(ma)       CR0(ma)     CR(ma)       Ds%
   1       1000       -0.6479     -0.5785      1.9482      1.9484      0.0061
   2       1000       -0.2445     -0.1763      1.1399      1.1401      0.0144
   3       1000        0.0026      0.0682      0.6429      0.6431      0.0291
   4       1000        0.1299      0.1919      0.3838      0.3840      0.0505
   5       1000        0.1954      0.2528      0.2471      0.2473      0.0771
   6       1000        0.2302      0.2821      0.1706      0.1708      0.1062
   7       1000        0.2491      0.2949      0.1247      0.1249      0.1345
   8       1000        0.2593      0.2985      0.0953      0.0955      0.1588
   9       1000        0.2643      0.2965      0.0755      0.0757      0.1759
  10       1000        0.2660      0.2912      0.0616      0.0617      0.1827
  11       1000        0.2655      0.2836      0.0514      0.0515      0.1768
  12       1000        0.2635      0.2748      0.0438      0.0438      0.1561
  13       1000        0.2606      0.2651      0.0379      0.0379      0.1192
  14       1000        0.2570      0.2552      0.0332      0.0333      0.0654
  15       1000        0.2529      0.2451      0.0295      0.0295     -0.0055
  16       1000        0.2485      0.2352      0.0265      0.0265     -0.0928
  17       1000        0.2441      0.2257      0.0241      0.0240     -0.1953
  18       1000        0.2396      0.2165      0.0221      0.0220     -0.3111
  19       1000        0.2352      0.2080      0.0204      0.0203     -0.4377
  20       1000        0.2309      0.2000      0.0190      0.0189     -0.5723
  21       1000        0.2269      0.1927      0.0178      0.0177     -0.7115
  22       1000        0.2231      0.1861      0.0168      0.0167     -0.8516
  23       1000        0.2197      0.1801      0.0160      0.0158     -0.9890
  24       1000        0.2166      0.1750      0.0153      0.0151     -1.1198
  25       1000        0.2139      0.1705      0.0147      0.0145     -1.2403
  26       1000        0.2116      0.1668      0.0143      0.0141     -1.3468
  27       1000        0.2098      0.1638      0.0139      0.0137     -1.4362
  28       1000        0.2084      0.1616      0.0137      0.0135     -1.5058
  29       1000        0.2074      0.1601      0.0135      0.0133     -1.5535
  30       1000        0.2070      0.1594      0.0134      0.0132     -1.5777
