                     ELECTRICAL RESISTIVITY LDS MODEL OUTPUTS
  Deviation:  0      Displacement:  8      Cmp fact: 1.000      Date: 03/02/2021  
  IL = 32   IR = 35   VL = 33   VR = 34   I0 (ma) = 5.34541   Bat(vlt) =   12.00

  Layer  CI(Ohms)      L(ma)       R(ma)       CR0(ma)     CR(ma)       Ds%
   1       1000       -0.6579     -0.5043      1.9482      1.9488      0.0300
   2       1000       -0.2545     -0.1042      1.1399      1.1407      0.0702
   3       1000       -0.0072      0.1367      0.6429      0.6438      0.1418
   4       1000        0.1206      0.2552      0.3838      0.3847      0.2450
   5       1000        0.1867      0.3095      0.2471      0.2481      0.3722
   6       1000        0.2222      0.3315      0.1706      0.1715      0.5097
   7       1000        0.2419      0.3363      0.1247      0.1255      0.6412
   8       1000        0.2529      0.3317      0.0953      0.0961      0.7500
   9       1000        0.2588      0.3215      0.0755      0.0762      0.8207
  10       1000        0.2615      0.3082      0.0616      0.0621      0.8397
  11       1000        0.2621      0.2932      0.0514      0.0518      0.7954
  12       1000        0.2611      0.2774      0.0438      0.0440      0.6796
  13       1000        0.2592      0.2615      0.0379      0.0380      0.4867
  14       1000        0.2566      0.2459      0.0332      0.0333      0.2148
  15       1000        0.2535      0.2309      0.0295      0.0295     -0.1348
  16       1000        0.2500      0.2167      0.0265      0.0264     -0.5577
  17       1000        0.2464      0.2034      0.0241      0.0238     -1.0465
  18       1000        0.2428      0.1911      0.0221      0.0217     -1.5913
  19       1000        0.2391      0.1798      0.0204      0.0199     -2.1799
  20       1000        0.2355      0.1697      0.0190      0.0184     -2.7986
  21       1000        0.2321      0.1605      0.0178      0.0172     -3.4320
  22       1000        0.2289      0.1524      0.0168      0.0161     -4.0643
  23       1000        0.2260      0.1452      0.0160      0.0152     -4.6789
  24       1000        0.2233      0.1391      0.0153      0.0145     -5.2598
  25       1000        0.2210      0.1339      0.0147      0.0139     -5.7912
  26       1000        0.2190      0.1296      0.0143      0.0134     -6.2588
  27       1000        0.2174      0.1262      0.0139      0.0130     -6.6497
  28       1000        0.2161      0.1237      0.0137      0.0127     -6.9529
  29       1000        0.2153      0.1220      0.0135      0.0125     -7.1599
  30       1000        0.2149      0.1211      0.0134      0.0124     -7.2649
