                     ELECTRICAL RESISTIVITY LDS MODEL OUTPUTS
  Deviation:  0      Displacement: 13      Cmp fact: 1.000      Date: 03/02/2021  
  IL = 37   IR = 40   VL = 38   VR = 39   I0 (ma) = 5.34049   Bat(vlt) =   12.00

  Layer  CI(Ohms)      L(ma)       R(ma)       CR0(ma)     CR(ma)       Ds%
   1       1000       -0.6424     -0.3267      1.9482      1.9507      0.1257
   2       1000       -0.2395      0.0656      1.1399      1.1433      0.2929
   3       1000        0.0070      0.2921      0.6429      0.6466      0.5861
   4       1000        0.1339      0.3913      0.3838      0.3876      0.9986
   5       1000        0.1990      0.4233      0.2471      0.2508      1.4890
   6       1000        0.2333      0.4214      0.1706      0.1740      1.9907
   7       1000        0.2518      0.4027      0.1247      0.1277      2.4295
   8       1000        0.2614      0.3758      0.0953      0.0979      2.7361
   9       1000        0.2659      0.3455      0.0755      0.0777      2.8515
  10       1000        0.2671      0.3146      0.0616      0.0633      2.7307
  11       1000        0.2661      0.2846      0.0514      0.0526      2.3442
  12       1000        0.2637      0.2563      0.0438      0.0445      1.6777
  13       1000        0.2603      0.2304      0.0379      0.0381      0.7320
  14       1000        0.2562      0.2068      0.0332      0.0331     -0.4789
  15       1000        0.2518      0.1857      0.0295      0.0290     -1.9301
  16       1000        0.2471      0.1669      0.0265      0.0256     -3.5878
  17       1000        0.2423      0.1503      0.0241      0.0228     -5.4121
  18       1000        0.2376      0.1357      0.0221      0.0204     -7.3589
  19       1000        0.2330      0.1230      0.0204      0.0185     -9.3818
  20       1000        0.2286      0.1120      0.0190      0.0168    -11.4339
  21       1000        0.2244      0.1024      0.0178      0.0154    -13.4691
  22       1000        0.2205      0.0943      0.0168      0.0142    -15.4427
  23       1000        0.2170      0.0873      0.0160      0.0132    -17.3128
  24       1000        0.2138      0.0815      0.0153      0.0124    -19.0405
  25       1000        0.2111      0.0766      0.0147      0.0117    -20.5906
  26       1000        0.2087      0.0727      0.0143      0.0111    -21.9319
  27       1000        0.2069      0.0697      0.0139      0.0107    -23.0379
  28       1000        0.2054      0.0675      0.0137      0.0104    -23.8869
  29       1000        0.2045      0.0660      0.0135      0.0102    -24.4622
  30       1000        0.2040      0.0653      0.0134      0.0101    -24.7527
