                     ELECTRICAL RESISTIVITY LDS MODEL OUTPUTS
  Deviation:  0      Displacement: 17      Cmp fact: 1.000      Date: 03/02/2021  
  IL = 41   IR = 44   VL = 42   VR = 43   I0 (ma) = 5.32625   Bat(vlt) =   12.00

  Layer  CI(Ohms)      L(ma)       R(ma)       CR0(ma)     CR(ma)       Ds%
   1       1000       -0.5774     -0.0096      1.9482      1.9560      0.3996
   2       1000       -0.1772      0.3529      1.1399      1.1504      0.9160
   3       1000        0.0658      0.5294      0.6429      0.6543      1.7823
   4       1000        0.1882      0.5693      0.3838      0.3950      2.9153
   5       1000        0.2478      0.5421      0.2471      0.2573      4.1164
   6       1000        0.2760      0.4872      0.1706      0.1794      5.1291
   7       1000        0.2879      0.4247      0.1247      0.1318      5.7187
   8       1000        0.2907      0.3638      0.0953      0.1008      5.7154
   9       1000        0.2883      0.3085      0.0755      0.0793      5.0265
  10       1000        0.2828      0.2603      0.0616      0.0638      3.6305
  11       1000        0.2754      0.2193      0.0514      0.0522      1.5634
  12       1000        0.2670      0.1847      0.0438      0.0433     -1.0973
  13       1000        0.2581      0.1559      0.0379      0.0362     -4.2489
  14       1000        0.2490      0.1319      0.0332      0.0306     -7.7769
  15       1000        0.2401      0.1121      0.0295      0.0261    -11.5660
  16       1000        0.2314      0.0957      0.0265      0.0224    -15.5068
  17       1000        0.2232      0.0822      0.0241      0.0194    -19.5003
  18       1000        0.2154      0.0709      0.0221      0.0169    -23.4604
  19       1000        0.2082      0.0616      0.0204      0.0148    -27.3136
  20       1000        0.2016      0.0540      0.0190      0.0131    -30.9989
  21       1000        0.1955      0.0476      0.0178      0.0117    -34.4661
  22       1000        0.1901      0.0424      0.0168      0.0105    -37.6747
  23       1000        0.1853      0.0381      0.0160      0.0095    -40.5921
  24       1000        0.1811      0.0346      0.0153      0.0087    -43.1922
  25       1000        0.1775      0.0317      0.0147      0.0080    -45.4543
  26       1000        0.1745      0.0295      0.0143      0.0075    -47.3619
  27       1000        0.1721      0.0278      0.0139      0.0071    -48.9022
  28       1000        0.1703      0.0265      0.0137      0.0068    -50.0656
  29       1000        0.1691      0.0257      0.0135      0.0066    -50.8450
  30       1000        0.1685      0.0253      0.0134      0.0065    -51.2358
